1	208 
2	214 
3	278 
4	276 
5	177 
6	144 
7	279 
8	262 
9	83 
10	293 
11	54 
12	70 
13	133 
14	67 
15	51 
16	189 
17	273 
18	210 
19	197 
20	87 
21	134 
22	14 
23	15 
24	252 
25	254 
26	299 
27	162 
28	93 
29	257 
30	229 
31	23 
32	220 
33	223 
34	217 
35	136 
36	302 
37	35 
38	74 
39	55 
40	200 
41	233 
42	283 
43	134 
44	20 
45	221 
46	32 
47	217 
48	230 
49	216 
50	35 
51	109 
52	210 
53	284 
54	184 
55	220 
56	86 
57	127 
58	145 
59	38 
60	2 
61	84 
62	82 
63	213 
64	243 
65	53 
66	44 
67	146 
68	249 
69	28 
70	47 
71	165 
72	146 
73	231 
74	30 
75	233 
76	89 
77	83 
78	132 
79	139 
80	53 
81	37 
82	174 
83	275 
84	186 
85	169 
86	132 
87	64 
88	252 
89	246 
90	28 
91	279 
92	264 
93	183 
94	146 
95	26 
96	103 
97	107 
98	73 
99	119 
100	115 
101	218 
102	50 
103	129 
104	20 
105	7 
106	202 
107	70 
108	184 
109	79 
110	12 
111	158 
112	79 
113	303 
114	35 
115	18 
116	166 
117	130 
118	300 
119	222 
120	296 
121	70 
122	231 
123	273 
124	247 
125	103 
126	278 
127	260 
128	102 
129	271 
130	83 
131	131 
132	140 
133	51 
134	145 
135	200 
136	131 
137	174 
138	8 
139	157 
140	240 
141	117 
142	2 
143	214 
144	100 
145	301 
146	14 
147	227 
148	228 
149	143 
150	171 
151	238 
152	63 
153	24 
154	10 
155	121 
156	26 
157	76 
158	125 
159	165 
160	85 
161	189 
162	58 
163	228 
164	49 
165	19 
166	50 
167	33 
168	203 
169	182 
170	285 
171	189 
172	159 
173	6 
174	220 
175	90 
176	242 
177	219 
178	212 
179	170 
180	13 
181	111 
182	117 
183	46 
184	199 
185	258 
186	258 
187	54 
188	105 
189	184 
190	96 
191	296 
192	172 
193	243 
194	147 
195	160 
196	22 
197	184 
198	239 
199	134 
200	252 
201	254 
202	139 
203	52 
204	26 
205	208 
206	245 
207	248 
208	7 
209	65 
210	291 
211	119 
212	163 
213	56 
214	30 
215	230 
216	78 
217	165 
218	179 
219	267 
220	159 
221	214 
222	46 
223	203 
224	121 
225	82 
226	151 
227	89 
228	48 
229	276 
230	65 
231	40 
232	153 
233	50 
234	149 
235	165 
236	214 
237	125 
238	183 
239	34 
240	126 
241	295 
242	58 
243	202 
244	246 
245	119 
246	99 
247	95 
248	244 
249	13 
250	13 
251	86 
252	234 
253	81 
254	101 
255	165 
256	63 
257	50 
258	296 
259	82 
260	84 
261	157 
262	134 
263	193 
264	288 
265	271 
266	296 
267	11 
268	212 
269	103 
270	206 
271	58 
272	134 
273	195 
274	225 
275	232 
276	224 
277	211 
278	275 
279	301 
280	133 
281	191 
282	130 
283	273 
284	166 
285	56 
286	233 
287	46 
288	184 
289	202 
290	256 
291	34 
292	271 
293	297 
294	234 
295	127 
296	162 
297	113 
298	165 
299	150 
300	56 
301	276 
302	168 
303	27 
304	82 
305	131 
306	109 
307	281 
308	127 
309	138 
310	20 
311	50 
312	203 
313	232 
314	295 
315	13 
316	281 
317	10 
318	215 
319	125 
320	201 
321	27 
322	141 
323	262 
324	251 
325	173 
326	86 
327	198 
328	157 
329	96 
330	116 
331	162 
332	148 
333	268 
334	177 
335	138 
336	208 
337	216 
338	226 
339	276 
340	281 
341	242 
342	157 
343	127 
344	23 
345	161 
346	284 
347	66 
348	280 
349	240 
350	41 
351	7 
352	186 
353	286 
354	267 
355	52 
356	98 
357	229 
358	180 
359	64 
360	64 
361	299 
362	128 
363	235 
364	175 
365	36 
366	190 
367	57 
368	88 
369	142 
370	68 
371	272 
372	290 
373	149 
374	100 
375	154 
376	89 
377	184 
378	222 
379	294 
380	116 
381	132 
382	195 
383	142 
384	68 
385	207 
386	152 
387	2 
388	207 
389	80 
390	16 
391	232 
392	249 
393	278 
394	216 
395	248 
396	279 
397	223 
398	89 
399	70 
400	198 
401	236 
402	79 
403	83 
404	68 
405	84 
406	178 
407	272 
408	126 
409	130 
410	205 
411	43 
412	29 
413	67 
414	16 
415	153 
416	247 
417	273 
418	46 
419	263 
420	100 
421	55 
422	42 
423	199 
424	96 
425	279 
426	52 
427	112 
428	230 
429	27 
430	139 
431	87 
432	38 
433	158 
434	173 
435	158 
436	134 
437	51 
438	134 
439	209 
440	229 
441	74 
442	73 
443	198 
444	36 
445	175 
446	52 
447	3 
448	253 
449	3 
450	282 
451	295 
452	13 
453	20 
454	283 
455	32 
456	293 
457	127 
458	130 
459	272 
460	288 
461	94 
462	197 
463	131 
464	46 
465	205 
466	80 
467	204 
468	172 
469	98 
470	160 
471	213 
472	205 
473	40 
474	226 
475	241 
476	246 
477	138 
478	162 
479	29 
480	99 
481	147 
482	88 
483	34 
484	217 
485	243 
486	1 
487	172 
488	229 
489	23 
490	96 
491	83 
492	39 
493	72 
494	130 
495	2 
496	248 
497	192 
498	112 
499	248 
500	168 
501	119 
502	4 
503	290 
504	46 
505	71 
506	166 
507	72 
508	247 
509	300 
510	196 
511	70 
512	70 
513	172 
514	269 
515	180 
516	1 
517	261 
518	145 
519	126 
520	117 
521	76 
522	289 
523	301 
524	171 
525	20 
526	217 
527	240 
528	73 
529	260 
530	38 
531	37 
532	128 
533	237 
534	259 
535	238 
536	126 
537	256 
538	61 
539	102 
540	175 
541	107 
542	2 
543	203 
544	290 
545	297 
546	93 
547	97 
548	281 
549	60 
550	22 
551	228 
552	118 
553	262 
554	293 
555	262 
556	248 
557	225 
558	111 
559	146 
560	34 
561	31 
562	212 
563	244 
564	142 
565	21 
566	217 
567	237 
568	257 
569	61 
570	82 
571	183 
572	59 
573	256 
574	11 
575	209 
576	245 
577	142 
578	23 
579	262 
580	225 
581	6 
582	38 
583	242 
584	288 
585	76 
586	146 
587	156 
588	104 
589	166 
590	230 
591	262 
592	53 
593	215 
594	40 
595	137 
596	209 
597	191 
598	288 
599	297 
600	183 
601	284 
602	71 
603	212 
604	47 
605	164 
606	12 
607	100 
608	98 
609	41 
610	185 
611	257 
612	206 
613	23 
614	213 
615	95 
616	45 
617	228 
618	45 
619	46 
620	239 
621	303 
622	267 
623	75 
624	255 
625	284 
626	184 
627	166 
628	26 
629	22 
630	288 
631	146 
632	241 
633	52 
634	217 
635	253 
636	165 
637	137 
638	199 
639	42 
640	4 
641	123 
642	196 
643	203 
644	160 
645	17 
646	127 
647	243 
648	23 
649	91 
650	136 
651	68 
652	5 
653	148 
654	275 
655	9 
656	254 
657	240 
658	175 
659	139 
660	222 
661	124 
662	111 
663	187 
664	232 
665	248 
666	245 
667	20 
668	20 
669	42 
670	45 
671	82 
672	107 
673	214 
674	302 
675	116 
676	4 
677	140 
678	55 
679	101 
680	231 
681	5 
682	119 
683	171 
684	82 
685	55 
686	141 
687	221 
688	302 
689	204 
690	169 
691	150 
692	192 
693	86 
694	230 
695	199 
696	197 
697	158 
698	256 
699	149 
700	295 
701	214 
702	89 
703	110 
704	31 
705	249 
706	68 
707	228 
708	5 
709	56 
710	236 
711	105 
712	141 
713	89 
714	113 
715	126 
716	150 
717	57 
718	218 
719	157 
720	92 
721	11 
722	58 
723	218 
724	301 
725	151 
726	285 
727	172 
728	146 
729	129 
730	102 
731	72 
732	75 
733	182 
734	25 
735	39 
736	169 
737	3 
738	238 
739	212 
740	60 
741	70 
742	232 
743	178 
744	129 
745	20 
746	118 
747	289 
748	262 
749	182 
750	187 
751	186 
752	277 
753	254 
754	141 
755	266 
756	119 
757	52 
758	54 
759	190 
760	166 
761	125 
762	32 
763	60 
764	161 
765	121 
766	69 
767	140 
768	143 
769	201 
770	163 
771	254 
772	233 
773	160 
774	128 
775	197 
776	148 
777	24 
778	28 
779	21 
780	210 
781	250 
782	66 
783	160 
784	54 
785	74 
786	286 
787	201 
788	229 
789	279 
790	4 
791	67 
792	292 
793	294 
794	131 
795	293 
796	105 
797	62 
798	200 
799	253 
800	108 
801	50 
802	208 
803	180 
804	258 
805	46 
806	163 
807	287 
808	126 
809	275 
810	260 
811	60 
812	133 
813	126 
814	19 
815	130 
816	159 
817	263 
818	146 
819	83 
820	46 
821	258 
822	94 
823	102 
824	191 
825	97 
826	46 
827	104 
828	236 
829	12 
830	37 
831	278 
832	199 
833	191 
834	77 
835	200 
836	128 
837	206 
838	105 
839	29 
840	231 
841	9 
842	173 
843	99 
844	226 
845	154 
846	45 
847	164 
848	139 
849	210 
850	241 
851	254 
852	141 
853	193 
854	164 
855	45 
856	85 
857	215 
858	257 
859	237 
860	229 
861	138 
862	242 
863	55 
864	179 
865	27 
866	243 
867	61 
868	54 
869	22 
870	66 
871	172 
872	251 
873	254 
874	192 
875	22 
876	134 
877	76 
878	205 
879	85 
880	180 
881	285 
882	172 
883	18 
884	49 
885	249 
886	173 
887	202 
888	185 
889	116 
890	154 
891	178 
892	98 
893	56 
894	105 
895	44 
896	286 
897	95 
898	132 
899	109 
900	229 
901	153 
902	23 
903	117 
904	170 
905	103 
906	48 
907	4 
908	16 
909	17 
910	116 
911	231 
912	210 
913	176 
914	210 
915	271 
916	13 
917	270 
918	188 
919	290 
920	214 
921	288 
922	191 
923	114 
924	197 
925	213 
926	21 
927	103 
928	223 
929	117 
930	199 
931	197 
932	135 
933	142 
934	2 
935	273 
936	218 
937	291 
938	113 
939	3 
940	186 
941	290 
942	200 
943	39 
944	182 
945	214 
946	230 
947	25 
948	190 
949	149 
950	255 
951	249 
952	105 
953	174 
954	101 
955	164 
956	166 
957	7 
958	131 
959	293 
960	303 
961	222 
962	301 
963	241 
964	68 
965	233 
966	13 
967	132 
968	293 
969	120 
970	114 
971	48 
972	271 
973	245 
974	52 
975	209 
976	303 
977	48 
978	256 
979	273 
980	207 
981	222 
982	148 
983	178 
984	245 
985	169 
986	185 
987	134 
988	48 
989	42 
990	56 
991	252 
992	44 
993	242 
994	33 
995	156 
996	65 
997	145 
998	209 
999	142 
1000	191 
1001	156 
1002	117 
1003	74 
1004	27 
1005	52 
1006	107 
1007	301 
1008	164 
1009	234 
1010	139 
1011	207 
1012	84 
1013	290 
1014	161 
1015	255 
1016	184 
1017	204 
1018	76 
1019	87 
1020	233 
1021	102 
1022	283 
1023	183 
1024	102 
1025	82 
1026	244 
1027	5 
1028	85 
1029	288 
1030	152 
1031	124 
1032	87 
1033	274 
1034	266 
1035	33 
1036	40 
1037	34 
1038	189 
1039	239 
1040	153 
1041	70 
1042	26 
1043	165 
1044	52 
1045	55 
1046	133 
1047	294 
1048	240 
1049	113 
1050	272 
1051	113 
1052	245 
1053	248 
1054	122 
1055	122 
1056	272 
1057	87 
1058	27 
1059	133 
1060	162 
1061	255 
1062	277 
1063	285 
1064	48 
1065	4 
1066	66 
1067	194 
1068	256 
1069	149 
1070	46 
1071	94 
1072	194 
1073	232 
1074	30 
1075	39 
1076	35 
1077	228 
1078	29 
1079	168 
1080	106 
1081	53 
1082	296 
1083	220 
1084	83 
1085	104 
1086	249 
1087	20 
1088	249 
1089	257 
1090	51 
1091	240 
1092	151 
1093	66 
1094	237 
1095	107 
1096	102 
1097	149 
1098	164 
1099	88 
1100	25 
1101	99 
1102	29 
1103	232 
1104	173 
1105	256 
1106	9 
1107	166 
1108	292 
1109	280 
1110	99 
1111	159 
1112	149 
1113	135 
1114	226 
1115	204 
1116	186 
1117	77 
1118	149 
1119	185 
1120	115 
1121	273 
1122	21 
1123	251 
1124	97 
1125	2 
1126	193 
1127	244 
1128	186 
1129	283 
1130	283 
1131	199 
1132	80 
1133	166 
1134	194 
1135	165 
1136	232 
1137	148 
1138	283 
1139	41 
1140	103 
1141	32 
1142	235 
1143	132 
1144	30 
1145	72 
1146	166 
1147	228 
1148	14 
1149	2 
1150	99 
1151	101 
1152	163 
1153	241 
1154	217 
1155	236 
1156	234 
1157	277 
1158	289 
1159	53 
1160	134 
1161	150 
1162	69 
1163	53 
1164	218 
1165	198 
1166	13 
1167	271 
1168	122 
1169	45 
1170	149 
1171	189 
1172	83 
1173	252 
1174	105 
1175	158 
1176	294 
1177	14 
1178	209 
1179	105 
1180	76 
1181	266 
1182	223 
1183	132 
1184	263 
1185	153 
1186	230 
1187	126 
1188	103 
1189	76 
1190	266 
1191	252 
1192	201 
1193	100 
1194	168 
1195	41 
1196	191 
1197	209 
1198	233 
1199	180 
1200	151 
1201	158 
1202	24 
1203	189 
1204	23 
1205	55 
1206	125 
1207	217 
1208	72 
1209	59 
1210	226 
1211	178 
1212	22 
1213	165 
1214	30 
1215	205 
1216	98 
1217	1 
1218	235 
1219	96 
1220	79 
1221	172 
1222	190 
1223	61 
1224	302 
1225	9 
1226	246 
1227	198 
1228	43 
1229	220 
1230	113 
1231	75 
1232	27 
1233	263 
1234	98 
1235	12 
1236	177 
1237	214 
1238	288 
1239	228 
1240	40 
1241	233 
1242	230 
1243	64 
1244	146 
1245	84 
1246	33 
1247	278 
1248	30 
1249	61 
1250	300 
1251	110 
1252	141 
1253	303 
1254	214 
1255	225 
1256	40 
1257	169 
1258	236 
1259	295 
1260	24 
1261	49 
1262	101 
1263	300 
1264	197 
1265	21 
1266	225 
1267	229 
1268	87 
1269	51 
1270	289 
1271	235 
1272	74 
1273	204 
1274	262 
1275	80 
1276	56 
1277	288 
1278	276 
1279	42 
1280	169 
1281	41 
1282	38 
1283	65 
1284	217 
1285	128 
1286	296 
1287	72 
1288	207 
1289	196 
1290	196 
1291	203 
1292	63 
1293	237 
1294	253 
1295	14 
1296	135 
1297	297 
1298	181 
1299	303 
1300	244 
1301	258 
1302	209 
1303	188 
1304	6 
1305	209 
1306	139 
1307	296 
1308	240 
1309	3 
1310	182 
1311	40 
1312	294 
1313	129 
1314	221 
1315	8 
1316	56 
1317	123 
1318	64 
1319	48 
1320	224 
1321	168 
1322	130 
1323	143 
1324	116 
1325	142 
1326	26 
1327	92 
1328	241 
1329	238 
1330	133 
1331	156 
1332	200 
1333	262 
1334	293 
1335	198 
1336	59 
1337	234 
1338	233 
1339	127 
1340	57 
1341	11 
1342	185 
1343	191 
1344	80 
1345	60 
1346	109 
1347	278 
1348	11 
1349	102 
1350	61 
1351	182 
1352	58 
1353	220 
1354	95 
1355	301 
1356	142 
1357	225 
1358	2 
1359	175 
1360	215 
1361	212 
1362	219 
1363	172 
1364	115 
1365	106 
1366	101 
1367	35 
1368	84 
1369	243 
1370	201 
1371	176 
1372	12 
1373	150 
1374	136 
1375	33 
1376	120 
1377	184 
1378	101 
1379	266 
1380	117 
1381	97 
1382	195 
1383	39 
1384	163 
1385	29 
1386	217 
1387	224 
1388	31 
1389	216 
1390	107 
1391	27 
1392	293 
1393	125 
1394	189 
1395	106 
1396	186 
1397	134 
1398	151 
1399	107 
1400	190 
1401	107 
1402	174 
1403	161 
1404	178 
1405	268 
1406	133 
1407	293 
1408	254 
1409	209 
1410	106 
1411	16 
1412	263 
1413	273 
1414	163 
1415	86 
1416	179 
1417	82 
1418	271 
1419	298 
1420	209 
1421	87 
1422	49 
1423	231 
1424	165 
1425	141 
1426	206 
1427	46 
1428	52 
1429	122 
1430	244 
1431	165 
1432	88 
1433	65 
1434	226 
1435	11 
1436	82 
1437	145 
1438	64 
1439	272 
1440	73 
1441	116 
1442	233 
1443	33 
1444	170 
1445	138 
1446	106 
1447	260 
1448	28 
1449	41 
1450	194 
1451	155 
1452	196 
1453	96 
1454	68 
1455	126 
1456	130 
1457	301 
1458	73 
1459	7 
1460	92 
1461	87 
1462	51 
1463	278 
1464	295 
1465	20 
1466	21 
1467	286 
1468	291 
1469	212 
1470	122 
1471	127 
1472	30 
1473	103 
1474	198 
1475	260 
1476	16 
1477	255 
1478	42 
1479	76 
1480	51 
1481	87 
1482	179 
1483	23 
1484	248 
1485	230 
1486	107 
1487	266 
1488	184 
1489	177 
1490	198 
1491	260 
1492	111 
1493	78 
1494	252 
1495	241 
1496	45 
1497	40 
1498	206 
1499	222 
1500	107 
1501	2 
1502	216 
1503	27 
1504	205 
1505	214 
1506	126 
1507	105 
1508	66 
1509	65 
1510	130 
1511	55 
1512	229 
1513	252 
1514	81 
1515	12 
1516	20 
1517	62 
1518	88 
1519	27 
1520	197 
1521	91 
1522	63 
1523	243 
1524	218 
1525	290 
1526	103 
1527	203 
1528	236 
1529	210 
1530	59 
1531	93 
1532	117 
1533	286 
1534	150 
1535	134 
1536	290 
1537	87 
1538	121 
1539	161 
1540	171 
1541	201 
1542	143 
1543	68 
1544	271 
1545	60 
1546	132 
1547	131 
1548	303 
1549	198 
1550	65 
1551	215 
1552	184 
1553	226 
1554	34 
1555	191 
1556	119 
1557	244 
1558	128 
1559	120 
1560	225 
1561	148 
1562	161 
1563	46 
1564	221 
1565	30 
1566	24 
1567	46 
1568	166 
1569	229 
1570	37 
1571	49 
1572	294 
1573	149 
1574	193 
1575	147 
1576	39 
1577	245 
1578	114 
1579	7 
1580	146 
1581	141 
1582	235 
1583	209 
1584	13 
1585	58 
1586	116 
1587	296 
1588	71 
1589	40 
1590	216 
1591	32 
1592	45 
1593	84 
1594	25 
1595	13 
1596	171 
1597	229 
1598	185 
1599	24 
1600	255 
1601	1 
1602	205 
1603	133 
1604	79 
1605	145 
1606	118 
1607	205 
1608	152 
1609	251 
1610	82 
1611	151 
1612	139 
1613	120 
1614	71 
1615	104 
1616	270 
1617	107 
1618	225 
1619	82 
1620	185 
1621	284 
1622	293 
1623	124 
1624	17 
1625	31 
1626	8 
1627	160 
1628	205 
1629	41 
1630	260 
1631	64 
1632	248 
1633	110 
1634	252 
1635	284 
1636	168 
1637	290 
1638	17 
1639	191 
1640	134 
1641	253 
1642	22 
1643	89 
1644	52 
1645	88 
1646	161 
1647	214 
1648	253 
1649	96 
1650	98 
1651	23 
1652	129 
1653	17 
1654	224 
1655	275 
1656	144 
1657	283 
1658	246 
1659	40 
1660	118 
1661	292 
1662	160 
1663	187 
1664	136 
1665	54 
1666	58 
1667	51 
1668	181 
1669	169 
1670	225 
1671	93 
1672	248 
1673	33 
1674	195 
1675	153 
1676	79 
1677	254 
1678	72 
1679	124 
1680	134 
1681	84 
1682	133 
1683	146 
1684	157 
1685	81 
1686	303 
1687	26 
1688	84 
1689	118 
1690	257 
1691	64 
1692	67 
1693	296 
1694	107 
1695	144 
1696	288 
1697	268 
1698	138 
1699	80 
1700	28 
1701	8 
1702	302 
1703	256 
1704	23 
1705	263 
1706	191 
1707	213 
1708	143 
1709	88 
1710	168 
1711	297 
1712	90 
1713	280 
1714	169 
1715	112 
1716	46 
1717	192 
1718	298 
1719	36 
1720	43 
1721	104 
1722	14 
1723	104 
1724	57 
1725	280 
1726	225 
1727	180 
1728	277 
1729	133 
1730	3 
1731	55 
1732	120 
1733	225 
1734	39 
1735	35 
1736	92 
1737	262 
1738	224 
1739	240 
1740	112 
1741	173 
1742	118 
1743	263 
1744	294 
1745	268 
1746	268 
1747	31 
1748	3 
1749	32 
1750	80 
1751	54 
1752	258 
1753	151 
1754	266 
1755	170 
1756	286 
1757	39 
1758	197 
1759	97 
1760	81 
1761	299 
1762	197 
1763	94 
1764	144 
1765	220 
1766	196 
1767	186 
1768	194 
1769	213 
1770	146 
1771	71 
1772	258 
1773	215 
1774	206 
1775	33 
1776	65 
1777	125 
1778	32 
1779	217 
1780	86 
1781	89 
1782	230 
1783	168 
1784	220 
1785	60 
1786	281 
1787	184 
1788	226 
1789	120 
1790	132 
1791	35 
1792	44 
1793	29 
1794	1 
1795	103 
1796	156 
1797	121 
1798	59 
1799	260 
1800	280 
1801	249 
1802	255 
1803	10 
1804	173 
1805	92 
1806	302 
1807	186 
1808	3 
1809	15 
1810	299 
1811	129 
1812	134 
1813	296 
1814	86 
1815	172 
1816	230 
1817	260 
1818	42 
1819	281 
1820	173 
1821	276 
1822	115 
1823	122 
1824	146 
1825	149 
1826	287 
1827	83 
1828	142 
1829	61 
1830	97 
1831	70 
1832	87 
1833	4 
1834	61 
1835	95 
1836	254 
1837	273 
1838	214 
1839	86 
1840	277 
1841	123 
1842	171 
1843	83 
1844	125 
1845	12 
1846	158 
1847	187 
1848	239 
1849	119 
1850	177 
1851	85 
1852	139 
1853	188 
1854	155 
1855	104 
1856	58 
1857	289 
1858	98 
1859	22 
1860	258 
1861	168 
1862	284 
1863	254 
1864	239 
1865	156 
1866	232 
1867	216 
1868	47 
1869	58 
1870	171 
1871	196 
1872	102 
1873	262 
1874	17 
1875	120 
1876	69 
1877	183 
1878	119 
1879	50 
1880	226 
1881	147 
1882	228 
1883	150 
1884	46 
1885	108 
1886	228 
1887	52 
1888	58 
1889	124 
1890	109 
1891	243 
1892	213 
1893	230 
1894	290 
1895	113 
1896	230 
1897	29 
1898	280 
1899	56 
1900	270 
1901	279 
1902	261 
1903	70 
1904	90 
1905	225 
1906	248 
1907	129 
1908	225 
1909	145 
1910	303 
1911	230 
1912	155 
1913	285 
1914	78 
1915	120 
1916	61 
1917	174 
1918	190 
1919	32 
1920	162 
1921	285 
1922	78 
1923	240 
1924	229 
1925	232 
1926	56 
1927	231 
1928	159 
1929	303 
1930	256 
1931	2 
1932	175 
1933	34 
1934	221 
1935	266 
1936	296 
1937	207 
1938	39 
1939	284 
1940	65 
1941	136 
1942	128 
1943	147 
1944	95 
1945	113 
1946	85 
1947	300 
1948	151 
1949	296 
1950	235 
1951	133 
1952	177 
1953	39 
1954	141 
1955	80 
1956	274 
1957	4 
1958	146 
1959	3 
1960	107 
1961	289 
1962	45 
1963	241 
1964	169 
1965	250 
1966	239 
1967	177 
1968	165 
1969	210 
1970	258 
1971	291 
1972	148 
1973	111 
1974	233 
1975	141 
1976	84 
1977	214 
1978	283 
1979	88 
1980	69 
1981	24 
1982	26 
1983	92 
1984	217 
1985	244 
1986	290 
1987	230 
1988	142 
1989	177 
1990	151 
1991	102 
1992	303 
1993	127 
1994	151 
1995	139 
1996	172 
1997	166 
1998	271 
1999	71 
2000	27 
2001	152 
2002	212 
2003	92 
2004	8 
2005	175 
2006	2 
2007	159 
2008	168 
2009	178 
2010	63 
2011	234 
2012	149 
2013	288 
2014	57 
2015	92 
2016	249 
2017	207 
2018	101 
2019	222 
2020	89 
2021	74 
2022	15 
2023	253 
2024	110 
2025	16 
2026	284 
2027	302 
2028	141 
2029	153 
2030	208 
2031	295 
2032	258 
2033	33 
2034	207 
2035	287 
2036	126 
2037	216 
2038	253 
2039	288 
2040	118 
2041	217 
2042	269 
2043	171 
2044	221 
2045	38 
2046	209 
2047	168 
2048	44 
2049	294 
2050	255 
2051	139 
2052	221 
2053	281 
2054	127 
2055	126 
2056	216 
2057	234 
2058	78 
2059	222 
2060	221 
2061	148 
2062	159 
2063	195 
2064	241 
2065	51 
2066	301 
2067	224 
2068	206 
2069	29 
2070	5 
2071	193 
2072	253 
2073	291 
2074	183 
2075	302 
2076	177 
2077	186 
2078	302 
2079	13 
2080	210 
2081	295 
2082	238 
2083	148 
2084	183 
2085	240 
2086	104 
2087	67 
2088	151 
2089	44 
2090	259 
2091	227 
2092	285 
2093	169 
2094	164 
2095	102 
2096	214 
2097	255 
2098	6 
2099	214 
2100	253 
2101	221 
2102	50 
2103	263 
2104	87 
2105	257 
2106	125 
2107	144 
2108	82 
2109	100 
2110	166 
2111	250 
2112	84 
2113	218 
2114	154 
2115	188 
2116	254 
2117	134 
2118	249 
2119	1 
2120	244 
2121	2 
2122	6 
2123	183 
2124	77 
2125	179 
2126	262 
2127	198 
2128	149 
2129	51 
2130	107 
2131	90 
2132	247 
2133	272 
2134	104 
2135	64 
2136	14 
2137	39 
2138	256 
2139	138 
2140	249 
2141	265 
2142	256 
2143	273 
2144	66 
2145	64 
2146	244 
2147	115 
2148	298 
2149	172 
2150	287 
2151	48 
2152	220 
2153	300 
2154	70 
2155	134 
2156	248 
2157	83 
2158	234 
2159	150 
2160	188 
2161	210 
2162	249 
2163	249 
2164	87 
2165	244 
2166	135 
2167	53 
2168	91 
2169	141 
2170	241 
2171	115 
2172	24 
2173	26 
2174	303 
2175	255 
2176	102 
2177	217 
2178	23 
2179	119 
2180	26 
2181	72 
2182	276 
2183	210 
2184	255 
2185	141 
2186	76 
2187	266 
2188	240 
2189	186 
2190	134 
2191	9 
2192	84 
2193	165 
2194	217 
2195	72 
2196	70 
2197	134 
2198	247 
2199	4 
2200	201 
2201	136 
2202	3 
2203	78 
2204	52 
2205	289 
2206	72 
2207	17 
2208	264 
2209	280 
2210	207 
2211	240 
2212	202 
2213	287 
2214	158 
2215	220 
2216	80 
2217	272 
2218	51 
2219	189 
2220	7 
2221	112 
2222	93 
2223	52 
2224	158 
2225	301 
2226	283 
2227	238 
2228	152 
2229	279 
2230	19 
2231	175 
2232	278 
2233	268 
2234	111 
2235	112 
2236	262 
2237	111 
2238	300 
2239	19 
2240	196 
2241	91 
2242	57 
2243	111 
2244	167 
2245	253 
2246	32 
2247	295 
2248	251 
2249	285 
2250	146 
2251	34 
2252	138 
2253	17 
2254	162 
2255	290 
2256	138 
2257	28 
2258	39 
2259	58 
2260	96 
2261	58 
2262	8 
2263	97 
2264	56 
2265	112 
2266	188 
2267	29 
2268	140 
2269	146 
2270	51 
2271	262 
2272	59 
2273	98 
2274	80 
2275	16 
2276	246 
2277	32 
2278	245 
2279	54 
2280	28 
2281	162 
2282	132 
2283	83 
2284	129 
2285	241 
2286	300 
2287	153 
2288	1 
2289	54 
2290	67 
2291	59 
2292	99 
2293	93 
2294	108 
2295	284 
2296	25 
2297	215 
2298	116 
2299	303 
2300	64 
2301	112 
2302	83 
2303	214 
2304	283 
2305	21 
2306	13 
2307	250 
2308	125 
2309	242 
2310	197 
2311	42 
2312	111 
2313	189 
2314	210 
2315	3 
2316	20 
2317	192 
2318	125 
2319	303 
2320	119 
2321	193 
2322	70 
2323	238 
2324	107 
2325	65 
2326	74 
2327	139 
2328	273 
2329	96 
2330	111 
2331	281 
2332	34 
2333	64 
2334	184 
2335	187 
2336	186 
2337	127 
2338	132 
2339	13 
2340	200 
2341	142 
2342	183 
2343	195 
2344	151 
2345	76 
2346	164 
2347	245 
2348	267 
2349	168 
2350	38 
2351	138 
2352	9 
2353	88 
2354	11 
2355	104 
2356	114 
2357	253 
2358	21 
2359	57 
2360	300 
2361	101 
2362	279 
2363	239 
2364	136 
2365	110 
2366	167 
2367	33 
2368	82 
2369	261 
2370	260 
2371	249 
2372	239 
2373	191 
2374	116 
2375	207 
2376	97 
2377	14 
2378	18 
2379	279 
2380	197 
2381	12 
2382	125 
2383	273 
2384	292 
2385	21 
2386	203 
2387	51 
2388	266 
2389	134 
2390	298 
2391	83 
2392	100 
2393	28 
2394	78 
2395	282 
2396	126 
2397	3 
2398	200 
2399	51 
2400	235 
2401	186 
2402	168 
2403	72 
2404	225 
2405	205 
2406	293 
2407	285 
2408	202 
2409	253 
2410	110 
2411	262 
2412	229 
2413	40 
2414	248 
2415	162 
2416	98 
2417	133 
2418	183 
2419	153 
2420	257 
2421	46 
2422	113 
2423	195 
2424	118 
2425	120 
2426	191 
2427	280 
2428	75 
2429	215 
2430	300 
2431	87 
2432	252 
2433	40 
2434	123 
2435	4 
2436	173 
2437	109 
2438	252 
2439	191 
2440	80 
2441	278 
2442	89 
2443	268 
2444	198 
2445	126 
2446	289 
2447	235 
2448	249 
2449	227 
2450	214 
2451	249 
2452	234 
2453	203 
2454	238 
2455	9 
2456	2 
2457	169 
2458	98 
2459	234 
2460	58 
2461	70 
2462	221 
2463	298 
2464	267 
2465	174 
2466	196 
2467	228 
2468	244 
2469	168 
2470	69 
2471	118 
2472	47 
2473	148 
2474	195 
2475	197 
2476	135 
2477	101 
2478	196 
2479	198 
2480	25 
2481	133 
2482	278 
2483	274 
2484	102 
2485	271 
2486	106 
2487	284 
2488	180 
2489	55 
2490	266 
2491	53 
2492	82 
2493	141 
2494	91 
2495	43 
2496	106 
2497	51 
2498	93 
2499	207 
2500	161 
2501	10 
2502	216 
2503	199 
2504	240 
2505	265 
2506	32 
2507	297 
2508	143 
2509	282 
2510	271 
2511	249 
2512	46 
2513	293 
2514	160 
2515	260 
2516	74 
2517	116 
2518	177 
2519	129 
2520	297 
2521	191 
2522	68 
2523	89 
2524	48 
2525	184 
2526	31 
2527	56 
2528	43 
2529	32 
2530	101 
2531	16 
2532	65 
2533	162 
2534	17 
2535	247 
2536	190 
2537	199 
2538	33 
2539	76 
2540	216 
2541	156 
2542	177 
2543	247 
2544	175 
2545	259 
2546	149 
2547	185 
2548	6 
2549	258 
2550	44 
2551	174 
2552	9 
2553	126 
2554	3 
2555	64 
2556	190 
2557	194 
2558	4 
2559	254 
2560	89 
2561	52 
2562	84 
2563	269 
2564	24 
2565	229 
2566	260 
2567	240 
2568	255 
2569	202 
2570	285 
2571	38 
2572	199 
2573	52 
2574	1 
2575	201 
2576	250 
2577	168 
2578	253 
2579	133 
2580	97 
2581	260 
2582	157 
2583	43 
2584	96 
2585	292 
2586	103 
2587	46 
2588	14 
2589	50 
2590	255 
2591	256 
2592	66 
2593	252 
2594	269 
2595	234 
2596	141 
2597	160 
2598	82 
2599	114 
2600	100 
2601	114 
2602	141 
2603	184 
2604	51 
2605	215 
2606	239 
2607	191 
2608	207 
2609	47 
2610	9 
2611	286 
2612	279 
2613	233 
2614	21 
2615	34 
2616	202 
2617	182 
2618	15 
2619	83 
2620	126 
2621	47 
2622	14 
2623	104 
2624	151 
2625	18 
2626	101 
2627	112 
2628	28 
2629	207 
2630	165 
2631	159 
2632	82 
2633	69 
2634	186 
2635	52 
2636	293 
2637	21 
2638	61 
2639	4 
2640	210 
2641	81 
2642	7 
2643	168 
2644	276 
2645	238 
2646	279 
2647	251 
2648	264 
2649	303 
2650	133 
2651	120 
2652	279 
2653	47 
2654	232 
2655	233 
2656	27 
2657	103 
2658	51 
2659	296 
2660	301 
2661	116 
2662	24 
2663	92 
2664	178 
2665	70 
2666	277 
2667	287 
2668	26 
2669	276 
2670	290 
2671	209 
2672	30 
2673	89 
2674	154 
2675	193 
2676	300 
2677	199 
2678	93 
2679	44 
2680	11 
2681	220 
2682	230 
2683	74 
2684	167 
2685	291 
2686	83 
2687	227 
2688	103 
2689	159 
2690	115 
2691	80 
2692	101 
2693	294 
2694	61 
2695	57 
2696	49 
2697	287 
2698	97 
2699	191 
2700	51 
2701	218 
2702	79 
2703	75 
2704	123 
2705	148 
2706	250 
2707	93 
2708	106 
2709	32 
2710	137 
2711	73 
2712	116 
2713	84 
2714	83 
2715	217 
2716	82 
2717	287 
2718	253 
2719	178 
2720	248 
2721	58 
2722	219 
2723	107 
2724	124 
2725	27 
2726	239 
2727	292 
2728	260 
2729	216 
2730	64 
2731	242 
2732	55 
2733	255 
2734	73 
2735	95 
2736	106 
2737	213 
2738	104 
2739	67 
2740	297 
2741	30 
2742	69 
2743	116 
2744	186 
2745	178 
2746	178 
2747	4 
2748	83 
2749	236 
2750	287 
2751	106 
2752	235 
2753	141 
2754	72 
2755	28 
2756	282 
2757	30 
2758	175 
2759	13 
2760	26 
2761	89 
2762	230 
2763	296 
2764	218 
2765	90 
2766	261 
2767	161 
2768	232 
2769	145 
2770	142 
2771	190 
2772	111 
2773	185 
2774	22 
2775	29 
2776	212 
2777	33 
2778	266 
2779	71 
2780	234 
2781	144 
2782	94 
2783	127 
2784	172 
2785	136 
2786	86 
2787	66 
2788	207 
2789	65 
2790	172 
2791	272 
2792	18 
2793	118 
2794	251 
2795	42 
2796	177 
2797	146 
2798	249 
2799	67 
2800	64 
2801	7 
2802	254 
2803	297 
2804	158 
2805	188 
2806	139 
2807	259 
2808	233 
2809	151 
2810	116 
2811	256 
2812	117 
2813	280 
2814	58 
2815	44 
2816	197 
2817	134 
2818	303 
2819	27 
2820	144 
2821	79 
2822	148 
2823	140 
2824	260 
2825	45 
2826	138 
2827	45 
2828	35 
2829	34 
2830	76 
2831	136 
2832	169 
2833	146 
2834	208 
2835	274 
2836	54 
2837	18 
2838	52 
2839	177 
2840	162 
2841	187 
2842	131 
2843	137 
2844	26 
2845	244 
2846	130 
2847	292 
2848	13 
2849	60 
2850	270 
2851	214 
2852	252 
2853	273 
2854	45 
2855	176 
2856	101 
2857	218 
2858	117 
2859	84 
2860	76 
2861	104 
2862	221 
2863	287 
2864	282 
2865	109 
2866	285 
2867	296 
2868	195 
2869	40 
2870	237 
2871	252 
2872	140 
2873	193 
2874	77 
2875	156 
2876	255 
2877	259 
2878	230 
2879	95 
2880	70 
2881	97 
2882	296 
2883	21 
2884	277 
2885	66 
2886	127 
2887	60 
2888	30 
2889	133 
2890	29 
2891	196 
2892	217 
2893	142 
2894	128 
2895	97 
2896	273 
2897	292 
2898	169 
2899	195 
2900	29 
2901	277 
2902	211 
2903	130 
2904	141 
2905	117 
2906	152 
2907	172 
2908	26 
2909	88 
2910	282 
2911	190 
2912	7 
2913	271 
2914	300 
2915	129 
2916	68 
2917	249 
2918	7 
2919	119 
2920	199 
2921	17 
2922	192 
2923	155 
2924	153 
2925	271 
2926	39 
2927	60 
2928	159 
2929	285 
2930	216 
2931	171 
2932	193 
2933	103 
2934	149 
2935	224 
2936	12 
2937	119 
2938	164 
2939	182 
2940	273 
2941	142 
2942	254 
2943	229 
2944	265 
2945	76 
2946	99 
2947	171 
2948	71 
2949	22 
2950	268 
2951	271 
2952	243 
2953	182 
2954	160 
2955	69 
2956	89 
2957	16 
2958	152 
2959	140 
2960	51 
2961	187 
2962	246 
2963	23 
2964	35 
2965	119 
2966	211 
2967	274 
2968	257 
2969	218 
2970	115 
2971	27 
2972	125 
2973	183 
2974	301 
2975	268 
2976	51 
2977	152 
2978	117 
2979	132 
2980	260 
2981	175 
2982	177 
2983	249 
2984	44 
2985	134 
2986	21 
2987	43 
2988	9 
2989	224 
2990	206 
2991	228 
2992	146 
2993	169 
2994	31 
2995	228 
2996	57 
2997	279 
2998	45 
2999	201 
3000	117 
3001	220 
3002	212 
3003	20 
3004	17 
3005	64 
3006	76 
3007	282 
3008	106 
3009	285 
3010	3 
3011	70 
3012	279 
3013	263 
3014	212 
3015	45 
3016	179 
3017	88 
3018	301 
3019	19 
3020	227 
3021	89 
3022	186 
3023	134 
3024	28 
3025	147 
3026	42 
3027	104 
3028	167 
3029	89 
3030	121 
3031	91 
3032	201 
3033	61 
3034	266 
3035	197 
3036	19 
3037	93 
3038	191 
3039	242 
3040	211 
3041	5 
3042	35 
3043	57 
3044	200 
3045	142 
3046	184 
3047	283 
3048	63 
3049	53 
3050	19 
3051	165 
3052	88 
3053	205 
3054	160 
3055	204 
3056	150 
3057	52 
3058	226 
3059	189 
3060	270 
3061	124 
3062	245 
3063	111 
3064	93 
3065	43 
3066	287 
3067	95 
3068	163 
3069	166 
3070	126 
3071	70 
3072	184 
3073	190 
3074	238 
3075	196 
3076	20 
3077	42 
3078	150 
3079	229 
3080	74 
3081	125 
3082	303 
3083	251 
3084	267 
3085	161 
3086	160 
3087	262 
3088	97 
3089	94 
3090	74 
3091	107 
3092	257 
3093	197 
3094	153 
3095	212 
3096	250 
3097	72 
3098	94 
3099	39 
3100	233 
3101	147 
3102	207 
3103	73 
3104	166 
3105	225 
3106	65 
3107	33 
3108	205 
3109	67 
3110	279 
3111	245 
3112	229 
3113	78 
3114	52 
3115	2 
3116	7 
3117	128 
3118	165 
3119	99 
3120	279 
3121	298 
3122	238 
3123	46 
3124	229 
3125	194 
3126	285 
3127	129 
3128	39 
3129	161 
3130	151 
3131	88 
3132	161 
3133	17 
3134	53 
3135	225 
3136	281 
3137	153 
3138	277 
3139	90 
3140	163 
3141	25 
3142	112 
3143	138 
3144	173 
3145	171 
3146	114 
3147	209 
3148	101 
3149	129 
3150	23 
3151	161 
3152	6 
3153	197 
3154	16 
3155	66 
3156	134 
3157	113 
3158	46 
3159	214 
3160	59 
3161	113 
3162	105 
3163	124 
3164	107 
3165	303 
3166	77 
3167	105 
3168	24 
3169	256 
3170	285 
3171	269 
3172	178 
3173	279 
3174	275 
3175	104 
3176	27 
3177	285 
3178	293 
3179	236 
3180	261 
3181	131 
3182	74 
3183	133 
3184	208 
3185	6 
3186	100 
3187	94 
3188	291 
3189	196 
3190	201 
3191	99 
3192	213 
3193	219 
3194	194 
3195	70 
3196	293 
3197	61 
3198	28 
3199	301 
3200	200 
3201	113 
3202	25 
3203	151 
3204	110 
3205	265 
3206	108 
3207	136 
3208	221 
3209	154 
3210	191 
3211	3 
3212	241 
3213	178 
3214	255 
3215	200 
3216	228 
3217	91 
3218	218 
3219	41 
3220	120 
3221	180 
3222	139 
3223	224 
3224	197 
3225	247 
3226	259 
3227	111 
3228	200 
3229	151 
3230	255 
3231	203 
3232	9 
3233	4 
3234	264 
3235	299 
3236	100 
3237	126 
3238	213 
3239	145 
3240	281 
3241	3 
3242	301 
3243	92 
3244	45 
3245	124 
3246	243 
3247	55 
3248	73 
3249	96 
3250	154 
3251	140 
3252	98 
3253	252 
3254	119 
3255	126 
3256	77 
3257	285 
3258	248 
3259	243 
3260	129 
3261	267 
3262	56 
3263	279 
3264	82 
3265	93 
3266	211 
3267	104 
3268	34 
3269	33 
3270	61 
3271	22 
3272	135 
3273	165 
3274	242 
3275	136 
3276	64 
3277	287 
3278	195 
3279	88 
3280	168 
3281	72 
3282	233 
3283	287 
3284	112 
3285	30 
3286	103 
3287	3 
3288	214 
3289	164 
3290	144 
3291	27 
3292	172 
3293	257 
3294	191 
3295	201 
3296	103 
3297	176 
3298	79 
3299	209 
3300	274 
3301	225 
3302	107 
3303	42 
3304	76 
3305	302 
3306	59 
3307	131 
3308	100 
3309	138 
3310	153 
3311	14 
3312	23 
3313	118 
3314	25 
3315	58 
3316	188 
3317	303 
3318	137 
3319	61 
3320	293 
3321	141 
3322	42 
3323	82 
3324	192 
3325	114 
3326	162 
3327	19 
3328	78 
3329	148 
3330	114 
3331	186 
3332	30 
3333	116 
3334	152 
3335	204 
3336	152 
3337	81 
3338	140 
3339	115 
3340	134 
3341	224 
3342	178 
3343	184 
3344	127 
3345	61 
3346	71 
3347	71 
3348	24 
3349	142 
3350	55 
3351	253 
3352	134 
3353	299 
3354	134 
3355	86 
3356	122 
3357	122 
3358	271 
3359	236 
3360	147 
3361	16 
3362	64 
3363	105 
3364	77 
3365	101 
3366	66 
3367	207 
3368	290 
3369	16 
3370	114 
3371	65 
3372	98 
3373	186 
3374	101 
3375	32 
3376	159 
3377	54 
3378	21 
3379	118 
3380	230 
3381	73 
3382	165 
3383	40 
3384	136 
3385	109 
3386	302 
3387	196 
3388	117 
3389	34 
3390	221 
3391	246 
3392	155 
3393	300 
3394	300 
3395	236 
3396	255 
3397	87 
3398	20 
3399	251 
3400	96 
3401	47 
3402	243 
3403	78 
3404	104 
3405	47 
3406	78 
3407	83 
3408	76 
3409	76 
3410	27 
3411	93 
3412	189 
3413	264 
3414	92 
3415	230 
3416	225 
3417	159 
3418	276 
3419	87 
3420	216 
3421	165 
3422	4 
3423	36 
3424	207 
3425	110 
3426	126 
3427	61 
3428	48 
3429	130 
3430	188 
3431	88 
3432	138 
3433	72 
3434	302 
3435	123 
3436	209 
3437	72 
3438	133 
3439	137 
3440	274 
3441	15 
3442	5 
3443	24 
3444	76 
3445	259 
3446	151 
3447	245 
3448	300 
3449	260 
3450	302 
3451	278 
3452	198 
3453	97 
3454	128 
3455	126 
3456	7 
3457	16 
3458	269 
3459	278 
3460	244 
3461	53 
3462	105 
3463	144 
3464	104 
3465	251 
3466	112 
3467	270 
3468	204 
3469	298 
3470	139 
3471	55 
3472	4 
3473	101 
3474	211 
3475	116 
3476	197 
3477	96 
3478	103 
3479	223 
3480	20 
3481	25 
3482	231 
3483	109 
3484	257 
3485	234 
3486	240 
3487	258 
3488	31 
3489	54 
3490	121 
3491	107 
3492	171 
3493	35 
3494	290 
3495	236 
3496	263 
3497	266 
3498	171 
3499	181 
3500	210 
3501	220 
3502	200 
3503	28 
3504	160 
3505	277 
3506	243 
3507	14 
3508	231 
3509	136 
3510	6 
3511	5 
3512	71 
3513	18 
3514	189 
3515	181 
3516	189 
3517	59 
3518	27 
3519	23 
3520	253 
3521	233 
3522	167 
3523	202 
3524	130 
3525	100 
3526	43 
3527	23 
3528	34 
3529	291 
3530	265 
3531	155 
3532	172 
3533	164 
3534	234 
3535	110 
3536	225 
3537	302 
3538	280 
3539	70 
3540	289 
3541	221 
3542	192 
3543	84 
3544	116 
3545	10 
3546	66 
3547	53 
3548	130 
3549	243 
3550	122 
3551	97 
3552	66 
3553	48 
3554	162 
3555	284 
3556	276 
3557	189 
3558	92 
3559	83 
3560	79 
3561	96 
3562	108 
3563	73 
3564	92 
3565	28 
3566	232 
3567	102 
3568	199 
3569	35 
3570	233 
3571	65 
3572	160 
3573	58 
3574	15 
3575	126 
3576	205 
3577	12 
3578	274 
3579	140 
3580	198 
3581	93 
3582	151 
3583	59 
3584	205 
3585	43 
3586	149 
3587	161 
3588	54 
3589	127 
3590	100 
3591	235 
3592	45 
3593	285 
3594	243 
3595	151 
3596	106 
3597	186 
3598	192 
3599	184 
3600	233 
3601	35 
3602	49 
3603	238 
3604	301 
3605	34 
3606	6 
3607	158 
3608	251 
3609	202 
3610	138 
3611	300 
3612	147 
3613	243 
3614	85 
3615	75 
3616	170 
3617	111 
3618	8 
3619	279 
3620	126 
3621	38 
3622	11 
3623	141 
3624	45 
3625	296 
3626	117 
3627	275 
3628	154 
3629	276 
3630	268 
3631	29 
3632	81 
3633	190 
3634	276 
3635	178 
3636	35 
3637	23 
3638	76 
3639	256 
3640	105 
3641	59 
3642	186 
3643	184 
3644	125 
3645	109 
3646	253 
3647	198 
3648	298 
3649	115 
3650	18 
3651	85 
3652	143 
3653	184 
3654	183 
3655	147 
3656	176 
3657	283 
3658	225 
3659	287 
3660	163 
3661	272 
3662	96 
3663	118 
3664	150 
3665	14 
3666	58 
3667	87 
3668	56 
3669	116 
3670	38 
3671	113 
3672	110 
3673	141 
3674	55 
3675	82 
3676	84 
3677	197 
3678	89 
3679	287 
3680	46 
3681	192 
3682	121 
3683	300 
3684	279 
3685	151 
3686	198 
3687	289 
3688	82 
3689	291 
3690	207 
3691	152 
3692	299 
3693	239 
3694	71 
3695	172 
3696	184 
3697	24 
3698	70 
3699	88 
3700	129 
3701	266 
3702	180 
3703	189 
3704	284 
3705	183 
3706	97 
3707	189 
3708	177 
3709	285 
3710	208 
3711	251 
3712	172 
3713	24 
3714	249 
3715	272 
3716	42 
3717	129 
3718	263 
3719	218 
3720	3 
3721	80 
3722	25 
3723	137 
3724	190 
3725	115 
3726	220 
3727	83 
3728	264 
3729	20 
3730	17 
3731	103 
3732	111 
3733	205 
3734	104 
3735	30 
3736	152 
3737	45 
3738	130 
3739	54 
3740	120 
3741	182 
3742	155 
3743	119 
3744	282 
3745	6 
3746	217 
3747	167 
3748	161 
3749	246 
3750	251 
3751	230 
3752	25 
3753	296 
3754	287 
3755	53 
3756	106 
3757	12 
3758	204 
3759	101 
3760	191 
3761	219 
3762	65 
3763	179 
3764	42 
3765	80 
3766	89 
3767	72 
3768	5 
3769	249 
3770	45 
3771	9 
3772	86 
3773	228 
3774	123 
3775	178 
3776	63 
3777	144 
3778	231 
3779	33 
3780	143 
3781	161 
3782	11 
3783	109 
3784	31 
3785	55 
3786	101 
3787	21 
3788	162 
3789	4 
3790	177 
3791	99 
3792	10 
3793	228 
3794	34 
3795	135 
3796	216 
3797	294 
3798	85 
3799	208 
3800	6 
3801	296 
3802	283 
3803	242 
3804	272 
3805	5 
3806	95 
3807	178 
3808	52 
3809	168 
3810	55 
3811	160 
3812	294 
3813	113 
3814	50 
3815	197 
3816	226 
3817	7 
3818	41 
3819	174 
3820	209 
3821	164 
3822	122 
3823	275 
3824	103 
3825	82 
3826	1 
3827	76 
3828	217 
3829	117 
3830	240 
3831	259 
3832	138 
3833	195 
3834	244 
3835	295 
3836	37 
3837	200 
3838	137 
3839	111 
3840	108 
3841	106 
3842	147 
3843	195 
3844	262 
3845	83 
3846	69 
3847	283 
3848	53 
3849	135 
3850	200 
3851	194 
3852	277 
3853	242 
3854	20 
3855	121 
3856	101 
3857	42 
3858	143 
3859	226 
3860	166 
3861	95 
3862	285 
3863	148 
3864	273 
3865	120 
3866	253 
3867	115 
3868	92 
3869	88 
3870	191 
3871	273 
3872	98 
3873	252 
3874	248 
3875	213 
3876	297 
3877	93 
3878	4 
3879	109 
3880	199 
3881	266 
3882	219 
3883	3 
3884	246 
3885	36 
3886	271 
3887	192 
3888	218 
3889	234 
3890	266 
3891	169 
3892	179 
3893	46 
3894	65 
3895	75 
3896	48 
3897	3 
3898	232 
3899	198 
3900	235 
3901	83 
3902	253 
3903	206 
3904	143 
3905	47 
3906	241 
3907	148 
3908	46 
3909	150 
3910	121 
3911	251 
3912	235 
3913	3 
3914	58 
3915	150 
3916	102 
3917	147 
3918	92 
3919	170 
3920	271 
3921	111 
3922	106 
3923	252 
3924	115 
3925	11 
3926	210 
3927	284 
3928	112 
3929	110 
3930	137 
3931	4 
3932	152 
3933	152 
3934	23 
3935	174 
3936	241 
3937	302 
3938	94 
3939	50 
3940	295 
3941	279 
3942	133 
3943	61 
3944	274 
3945	13 
3946	173 
3947	256 
3948	60 
3949	83 
3950	221 
3951	88 
3952	296 
3953	126 
3954	281 
3955	196 
3956	205 
3957	226 
3958	209 
3959	252 
3960	131 
3961	226 
3962	21 
3963	89 
3964	248 
3965	70 
3966	296 
3967	107 
3968	127 
3969	50 
3970	229 
3971	268 
3972	67 
3973	258 
3974	90 
3975	107 
3976	260 
3977	120 
3978	61 
3979	227 
3980	242 
3981	109 
3982	174 
3983	129 
3984	251 
3985	128 
3986	241 
3987	107 
3988	172 
3989	298 
3990	296 
3991	302 
3992	63 
3993	63 
3994	200 
3995	209 
3996	232 
3997	72 
3998	112 
3999	139 
4000	68 
4001	14 
4002	269 
4003	291 
4004	103 
4005	221 
4006	172 
4007	235 
4008	58 
4009	220 
4010	226 
4011	71 
4012	80 
4013	116 
4014	47 
4015	127 
4016	23 
4017	187 
4018	125 
4019	133 
4020	102 
4021	79 
4022	258 
4023	269 
4024	116 
4025	102 
4026	34 
4027	212 
4028	296 
4029	275 
4030	189 
4031	92 
4032	154 
4033	238 
4034	92 
4035	280 
4036	295 
4037	243 
4038	209 
4039	195 
4040	227 
4041	221 
4042	157 
4043	57 
4044	83 
4045	45 
4046	193 
4047	290 
4048	284 
4049	41 
4050	238 
4051	137 
4052	275 
4053	283 
4054	100 
4055	110 
4056	151 
4057	183 
4058	297 
4059	210 
4060	192 
4061	135 
4062	226 
4063	54 
4064	299 
4065	182 
4066	128 
4067	258 
4068	266 
4069	133 
4070	246 
4071	88 
4072	9 
4073	300 
4074	261 
4075	65 
4076	7 
4077	247 
4078	231 
4079	284 
4080	168 
4081	106 
4082	153 
4083	259 
4084	169 
4085	99 
4086	86 
4087	279 
4088	159 
4089	148 
4090	141 
4091	230 
4092	166 
4093	43 
4094	27 
4095	32 
4096	97 
4097	144 
4098	297 
4099	183 
4100	160 
4101	206 
4102	54 
4103	176 
4104	45 
4105	132 
4106	198 
4107	101 
4108	133 
4109	290 
4110	256 
4111	132 
4112	244 
4113	47 
4114	289 
4115	21 
4116	35 
4117	197 
4118	149 
4119	103 
4120	146 
4121	255 
4122	183 
4123	32 
4124	71 
4125	7 
4126	130 
4127	287 
4128	36 
4129	163 
4130	197 
4131	113 
4132	267 
4133	241 
4134	37 
4135	219 
4136	212 
4137	82 
4138	279 
4139	247 
4140	181 
4141	180 
4142	50 
4143	258 
4144	217 
4145	249 
4146	4 
4147	222 
4148	90 
4149	225 
4150	211 
4151	71 
4152	291 
4153	291 
4154	8 
4155	119 
4156	108 
4157	243 
4158	249 
4159	156 
4160	144 
4161	287 
4162	24 
4163	52 
4164	251 
4165	109 
4166	144 
4167	143 
4168	278 
4169	167 
4170	9 
4171	146 
4172	52 
4173	67 
4174	90 
4175	247 
4176	240 
4177	287 
4178	204 
4179	97 
4180	232 
4181	87 
4182	217 
4183	44 
4184	31 
4185	159 
4186	303 
4187	86 
4188	285 
4189	204 
4190	88 
4191	167 
4192	164 
4193	62 
4194	180 
4195	206 
4196	133 
4197	287 
4198	192 
4199	3 
4200	45 
4201	221 
4202	234 
4203	260 
4204	259 
4205	36 
4206	198 
4207	61 
4208	125 
4209	200 
4210	103 
4211	109 
4212	205 
4213	77 
4214	35 
4215	204 
4216	53 
4217	265 
4218	295 
4219	64 
4220	38 
4221	86 
4222	39 
4223	217 
4224	223 
4225	66 
4226	213 
4227	88 
4228	97 
4229	112 
4230	10 
4231	218 
4232	227 
4233	64 
4234	168 
4235	272 
4236	168 
4237	30 
4238	16 
4239	118 
4240	151 
4241	104 
4242	116 
4243	67 
4244	116 
4245	250 
4246	163 
4247	16 
4248	295 
4249	199 
4250	90 
4251	296 
4252	33 
4253	27 
4254	35 
4255	220 
4256	7 
4257	214 
4258	146 
4259	274 
4260	103 
4261	298 
4262	176 
4263	31 
4264	269 
4265	178 
4266	126 
4267	43 
4268	190 
4269	174 
4270	268 
4271	121 
4272	265 
4273	283 
4274	55 
4275	27 
4276	199 
4277	209 
4278	108 
4279	30 
4280	290 
4281	186 
4282	193 
4283	266 
4284	141 
4285	201 
4286	34 
4287	176 
4288	188 
4289	66 
4290	159 
4291	54 
4292	281 
4293	231 
4294	194 
4295	95 
4296	291 
4297	141 
4298	22 
4299	168 
4300	113 
4301	17 
4302	14 
4303	237 
4304	119 
4305	76 
4306	246 
4307	8 
4308	174 
4309	285 
4310	1 
4311	219 
4312	110 
4313	244 
4314	75 
4315	145 
4316	79 
4317	161 
4318	73 
4319	68 
4320	149 
4321	175 
4322	260 
4323	276 
4324	82 
4325	137 
4326	246 
4327	195 
4328	160 
4329	225 
4330	178 
4331	295 
4332	144 
4333	19 
4334	173 
4335	205 
4336	106 
4337	204 
4338	168 
4339	163 
4340	289 
4341	116 
4342	158 
4343	108 
4344	132 
4345	144 
4346	142 
4347	20 
4348	56 
4349	88 
4350	138 
4351	72 
4352	24 
4353	128 
4354	122 
4355	129 
4356	125 
4357	71 
4358	254 
4359	15 
4360	288 
4361	130 
4362	302 
4363	36 
4364	92 
4365	45 
4366	56 
4367	75 
4368	168 
4369	15 
4370	195 
4371	49 
4372	171 
4373	272 
4374	225 
4375	297 
4376	107 
4377	44 
4378	271 
4379	146 
4380	254 
4381	181 
4382	121 
4383	5 
4384	253 
4385	247 
4386	143 
4387	224 
4388	5 
4389	66 
4390	47 
4391	28 
4392	232 
4393	208 
4394	148 
4395	59 
4396	172 
4397	46 
4398	133 
4399	87 
4400	180 
4401	132 
4402	7 
4403	287 
4404	229 
4405	285 
4406	284 
4407	217 
4408	37 
4409	39 
4410	72 
4411	109 
4412	299 
4413	290 
4414	130 
4415	292 
4416	41 
4417	282 
4418	70 
4419	151 
4420	205 
4421	41 
4422	62 
4423	241 
4424	81 
4425	214 
4426	152 
4427	243 
4428	83 
4429	112 
4430	58 
4431	155 
4432	238 
4433	298 
4434	97 
4435	183 
4436	165 
4437	154 
4438	55 
4439	11 
4440	48 
4441	74 
4442	143 
4443	203 
4444	13 
4445	89 
4446	233 
4447	93 
4448	81 
4449	288 
4450	179 
4451	208 
4452	134 
4453	190 
4454	208 
4455	71 
4456	134 
4457	99 
4458	143 
4459	226 
4460	15 
4461	59 
4462	4 
4463	220 
4464	7 
4465	3 
4466	20 
4467	227 
4468	174 
4469	241 
4470	161 
4471	145 
4472	251 
4473	290 
4474	125 
4475	31 
4476	83 
4477	146 
4478	151 
4479	87 
4480	115 
4481	7 
4482	193 
4483	170 
4484	245 
4485	287 
4486	256 
4487	260 
4488	268 
4489	281 
4490	110 
4491	19 
4492	64 
4493	264 
4494	37 
4495	186 
4496	190 
4497	60 
4498	95 
4499	36 
4500	91 
4501	44 
4502	110 
4503	75 
4504	103 
4505	84 
4506	288 
4507	13 
4508	223 
4509	80 
4510	141 
4511	8 
4512	154 
4513	225 
4514	69 
4515	121 
4516	234 
4517	29 
4518	162 
4519	280 
4520	181 
4521	277 
4522	267 
4523	125 
4524	146 
4525	225 
4526	226 
4527	163 
4528	231 
4529	150 
4530	49 
4531	229 
4532	184 
4533	5 
4534	88 
4535	87 
4536	44 
4537	123 
4538	13 
4539	34 
4540	244 
4541	101 
4542	92 
4543	115 
4544	128 
4545	266 
4546	201 
4547	4 
4548	103 
4549	80 
4550	147 
4551	153 
4552	250 
4553	265 
4554	244 
4555	303 
4556	102 
4557	101 
4558	172 
4559	127 
4560	184 
4561	199 
4562	238 
4563	46 
4564	12 
4565	14 
4566	254 
4567	205 
4568	28 
4569	122 
4570	290 
4571	247 
4572	176 
4573	232 
4574	290 
4575	72 
4576	170 
4577	145 
4578	174 
4579	61 
4580	31 
4581	294 
4582	91 
4583	55 
4584	93 
4585	273 
4586	8 
4587	72 
4588	44 
4589	189 
4590	224 
4591	6 
4592	187 
4593	293 
4594	18 
4595	57 
4596	35 
4597	2 
4598	177 
4599	208 
4600	8 
4601	276 
4602	238 
4603	254 
4604	182 
4605	135 
4606	127 
4607	150 
4608	279 
4609	156 
4610	248 
4611	214 
4612	2 
4613	40 
4614	184 
4615	193 
4616	58 
4617	303 
4618	55 
4619	43 
4620	132 
4621	254 
4622	223 
4623	238 
4624	270 
4625	197 
4626	259 
4627	268 
4628	274 
4629	204 
4630	181 
4631	39 
4632	104 
4633	68 
4634	9 
4635	20 
4636	180 
4637	192 
4638	178 
4639	283 
4640	255 
4641	164 
4642	268 
4643	46 
4644	168 
4645	253 
4646	37 
4647	139 
4648	152 
4649	286 
4650	275 
4651	193 
4652	13 
4653	99 
4654	19 
4655	133 
4656	66 
4657	239 
4658	206 
4659	31 
4660	107 
4661	57 
4662	297 
4663	29 
4664	303 
4665	128 
4666	225 
4667	107 
4668	249 
4669	194 
4670	17 
4671	139 
4672	253 
4673	11 
4674	1 
4675	21 
4676	92 
4677	46 
4678	232 
4679	52 
4680	39 
4681	69 
4682	176 
4683	44 
4684	225 
4685	178 
4686	190 
4687	114 
4688	251 
4689	225 
4690	233 
4691	60 
4692	30 
4693	279 
4694	160 
4695	232 
4696	147 
4697	231 
4698	31 
4699	4 
4700	9 
4701	10 
4702	202 
4703	232 
4704	109 
4705	13 
4706	186 
4707	76 
4708	51 
4709	226 
4710	172 
4711	156 
4712	148 
4713	228 
4714	25 
4715	244 
4716	146 
4717	126 
4718	85 
4719	88 
4720	135 
4721	130 
4722	37 
4723	281 
4724	141 
4725	252 
4726	211 
4727	186 
4728	155 
4729	24 
4730	295 
4731	169 
4732	74 
4733	201 
4734	186 
4735	175 
4736	228 
4737	216 
4738	239 
4739	242 
4740	215 
4741	139 
4742	102 
4743	19 
4744	270 
4745	70 
4746	109 
4747	58 
4748	88 
4749	69 
4750	39 
4751	213 
4752	150 
4753	227 
4754	213 
4755	207 
4756	85 
4757	286 
4758	276 
4759	279 
4760	4 
4761	163 
4762	106 
4763	189 
4764	229 
4765	129 
4766	45 
4767	255 
4768	157 
4769	215 
4770	142 
4771	206 
4772	217 
4773	47 
4774	54 
4775	166 
4776	109 
4777	256 
4778	116 
4779	301 
4780	107 
4781	30 
4782	50 
4783	51 
4784	255 
4785	124 
4786	290 
4787	264 
4788	65 
4789	168 
4790	2 
4791	145 
4792	208 
4793	173 
4794	134 
4795	242 
4796	156 
4797	86 
4798	293 
4799	144 
4800	18 
4801	10 
4802	286 
4803	79 
4804	207 
4805	18 
4806	129 
4807	256 
4808	36 
4809	5 
4810	160 
4811	108 
4812	174 
4813	26 
4814	60 
4815	26 
4816	189 
4817	142 
4818	154 
4819	202 
4820	116 
4821	243 
4822	59 
4823	203 
4824	231 
4825	132 
4826	232 
4827	116 
4828	281 
4829	79 
4830	88 
4831	50 
4832	182 
4833	9 
4834	233 
4835	205 
4836	53 
4837	164 
4838	238 
4839	101 
4840	103 
4841	298 
4842	42 
4843	141 
4844	277 
4845	273 
4846	109 
4847	149 
4848	89 
4849	70 
4850	270 
4851	145 
4852	107 
4853	222 
4854	80 
4855	301 
4856	39 
4857	186 
4858	302 
4859	10 
4860	257 
4861	74 
4862	89 
4863	177 
4864	91 
4865	220 
4866	231 
4867	15 
4868	113 
4869	288 
4870	231 
4871	197 
4872	272 
4873	73 
4874	215 
4875	203 
4876	95 
4877	89 
4878	163 
4879	260 
4880	131 
4881	93 
4882	162 
4883	291 
4884	186 
4885	125 
4886	286 
4887	172 
4888	75 
4889	231 
4890	86 
4891	4 
4892	298 
4893	268 
4894	166 
4895	114 
4896	229 
4897	101 
4898	115 
4899	210 
4900	176 
4901	278 
4902	84 
4903	251 
4904	42 
4905	168 
4906	151 
4907	90 
4908	3 
4909	218 
4910	260 
4911	226 
4912	192 
4913	4 
4914	119 
4915	299 
4916	275 
4917	252 
4918	21 
4919	285 
4920	251 
4921	42 
4922	267 
4923	117 
4924	64 
4925	147 
4926	90 
4927	261 
4928	50 
4929	83 
4930	23 
4931	174 
4932	103 
4933	280 
4934	136 
4935	80 
4936	19 
4937	249 
4938	226 
4939	229 
4940	255 
4941	298 
4942	42 
4943	297 
4944	120 
4945	82 
4946	74 
4947	209 
4948	92 
4949	25 
4950	236 
4951	50 
4952	136 
4953	78 
4954	69 
4955	263 
4956	66 
4957	115 
4958	227 
4959	220 
4960	92 
4961	51 
4962	110 
4963	55 
4964	169 
4965	146 
4966	93 
4967	126 
4968	167 
4969	256 
4970	22 
4971	261 
4972	270 
4973	200 
4974	174 
4975	13 
4976	277 
4977	82 
4978	291 
4979	236 
4980	54 
4981	36 
4982	283 
4983	101 
4984	242 
4985	156 
4986	200 
4987	128 
4988	162 
4989	277 
4990	37 
4991	220 
4992	270 
4993	18 
4994	137 
4995	253 
4996	172 
4997	115 
4998	281 
4999	241 
5000	44 
5001	30 
5002	162 
5003	71 
5004	21 
5005	87 
5006	21 
5007	264 
5008	241 
5009	137 
5010	9 
5011	88 
5012	172 
5013	181 
5014	54 
5015	5 
5016	149 
5017	233 
5018	293 
5019	270 
5020	181 
5021	104 
5022	268 
5023	212 
5024	271 
5025	146 
5026	181 
5027	242 
5028	148 
5029	96 
5030	198 
5031	139 
5032	283 
5033	192 
5034	303 
5035	219 
5036	209 
5037	235 
5038	84 
5039	267 
5040	86 
5041	202 
5042	57 
5043	92 
5044	4 
5045	141 
5046	145 
5047	184 
5048	146 
5049	132 
5050	253 
5051	231 
5052	212 
5053	43 
5054	150 
5055	66 
5056	31 
5057	39 
5058	267 
5059	229 
5060	183 
5061	102 
5062	147 
5063	49 
5064	141 
5065	144 
5066	222 
5067	89 
5068	82 
5069	48 
5070	176 
5071	297 
5072	92 
5073	3 
5074	280 
5075	72 
5076	59 
5077	295 
5078	240 
5079	279 
5080	239 
5081	82 
5082	140 
5083	195 
5084	222 
5085	152 
5086	88 
5087	218 
5088	107 
5089	33 
5090	97 
5091	232 
5092	116 
5093	9 
5094	21 
5095	6 
5096	196 
5097	201 
5098	17 
5099	193 
5100	223 
5101	276 
5102	291 
5103	229 
5104	36 
5105	275 
5106	219 
5107	211 
5108	240 
5109	213 
5110	89 
5111	233 
5112	22 
5113	202 
5114	116 
5115	296 
5116	204 
5117	217 
5118	60 
5119	107 
5120	122 
5121	299 
5122	2 
5123	44 
5124	271 
5125	283 
5126	24 
5127	61 
5128	98 
5129	39 
5130	136 
5131	112 
5132	251 
5133	39 
5134	179 
5135	214 
5136	276 
5137	176 
5138	23 
5139	299 
5140	209 
5141	75 
5142	1 
5143	2 
5144	31 
5145	70 
5146	248 
5147	21 
5148	38 
5149	140 
5150	276 
5151	86 
5152	241 
5153	261 
5154	39 
5155	19 
5156	28 
5157	128 
5158	98 
5159	212 
5160	246 
5161	135 
5162	65 
5163	230 
5164	97 
5165	36 
5166	261 
5167	229 
5168	165 
5169	283 
5170	177 
5171	31 
5172	42 
5173	101 
5174	286 
5175	204 
5176	92 
5177	33 
5178	239 
5179	269 
5180	286 
5181	76 
5182	116 
5183	81 
5184	211 
5185	176 
5186	174 
5187	98 
5188	19 
5189	36 
5190	36 
5191	232 
5192	177 
5193	148 
5194	111 
5195	290 
5196	75 
5197	207 
5198	249 
5199	36 
5200	280 
5201	65 
5202	170 
5203	263 
5204	181 
5205	122 
5206	202 
5207	87 
5208	224 
5209	281 
5210	142 
5211	175 
5212	63 
5213	242 
5214	282 
5215	290 
5216	144 
5217	142 
5218	17 
5219	109 
5220	5 
5221	183 
5222	56 
5223	76 
5224	153 
5225	252 
5226	242 
5227	272 
5228	126 
5229	42 
5230	75 
5231	94 
5232	120 
5233	50 
5234	158 
5235	254 
5236	54 
5237	204 
5238	96 
5239	287 
5240	215 
5241	39 
5242	211 
5243	203 
5244	24 
5245	39 
5246	30 
5247	286 
5248	130 
5249	85 
5250	217 
5251	269 
5252	25 
5253	213 
5254	23 
5255	282 
5256	149 
5257	115 
5258	142 
5259	146 
5260	170 
5261	301 
5262	102 
5263	273 
5264	229 
5265	129 
5266	259 
5267	242 
5268	139 
5269	202 
5270	247 
5271	142 
5272	73 
5273	249 
5274	294 
5275	264 
5276	73 
5277	267 
5278	131 
5279	232 
5280	151 
5281	186 
5282	263 
5283	122 
5284	254 
5285	125 
5286	79 
5287	192 
5288	198 
5289	114 
5290	44 
5291	294 
5292	273 
5293	284 
5294	61 
5295	182 
5296	271 
5297	61 
5298	204 
5299	93 
5300	186 
5301	244 
5302	160 
5303	76 
5304	224 
5305	197 
5306	241 
5307	265 
5308	43 
5309	48 
5310	101 
5311	257 
5312	220 
5313	249 
5314	199 
5315	300 
5316	220 
5317	67 
5318	212 
5319	189 
5320	159 
5321	208 
5322	36 
5323	189 
5324	5 
5325	24 
5326	68 
5327	268 
5328	250 
5329	293 
5330	191 
5331	83 
5332	277 
5333	256 
5334	55 
5335	37 
5336	137 
5337	159 
5338	243 
5339	29 
5340	205 
5341	18 
5342	225 
5343	145 
5344	27 
5345	206 
5346	115 
5347	302 
5348	246 
5349	146 
5350	41 
5351	53 
5352	270 
5353	44 
5354	100 
5355	101 
5356	164 
5357	161 
5358	263 
5359	268 
5360	234 
5361	159 
5362	7 
5363	77 
5364	49 
5365	129 
5366	69 
5367	223 
5368	255 
5369	21 
5370	80 
5371	255 
5372	38 
5373	75 
5374	277 
5375	120 
5376	252 
5377	85 
5378	253 
5379	87 
5380	64 
5381	162 
5382	203 
5383	238 
5384	120 
5385	283 
5386	49 
5387	196 
5388	79 
5389	237 
5390	290 
5391	159 
5392	152 
5393	36 
5394	231 
5395	295 
5396	34 
5397	40 
5398	164 
5399	75 
5400	198 
5401	202 
5402	144 
5403	146 
5404	193 
5405	271 
5406	159 
5407	220 
5408	104 
5409	192 
5410	138 
5411	264 
5412	20 
5413	279 
5414	266 
5415	24 
5416	106 
5417	57 
5418	192 
5419	282 
5420	184 
5421	161 
5422	253 
5423	221 
5424	171 
5425	282 
5426	257 
5427	266 
5428	238 
5429	127 
5430	75 
5431	139 
5432	209 
5433	286 
5434	167 
5435	277 
5436	225 
5437	130 
5438	154 
5439	202 
5440	209 
5441	292 
5442	71 
5443	39 
5444	124 
5445	108 
5446	241 
5447	46 
5448	13 
5449	287 
5450	218 
5451	80 
5452	36 
5453	116 
5454	89 
5455	291 
5456	85 
5457	195 
5458	73 
5459	279 
5460	73 
5461	162 
5462	63 
5463	209 
5464	294 
5465	44 
5466	217 
5467	54 
5468	55 
5469	267 
5470	217 
5471	178 
5472	9 
5473	204 
5474	2 
5475	12 
5476	187 
5477	239 
5478	127 
5479	80 
5480	115 
5481	268 
5482	126 
5483	276 
5484	89 
5485	213 
5486	238 
5487	54 
5488	92 
5489	51 
5490	39 
5491	275 
5492	24 
5493	277 
5494	72 
5495	280 
5496	1 
5497	181 
5498	75 
5499	254 
5500	49 
5501	170 
5502	121 
5503	210 
5504	59 
5505	173 
5506	172 
5507	251 
5508	9 
5509	72 
5510	71 
5511	83 
5512	291 
5513	218 
5514	35 
5515	207 
5516	228 
5517	183 
5518	180 
5519	126 
5520	90 
5521	232 
5522	245 
5523	33 
5524	36 
5525	66 
5526	34 
5527	18 
5528	244 
5529	64 
5530	272 
5531	120 
5532	161 
5533	2 
5534	52 
5535	7 
5536	269 
5537	153 
5538	31 
5539	255 
5540	267 
5541	287 
5542	37 
5543	198 
5544	106 
5545	169 
5546	142 
5547	130 
5548	122 
5549	15 
5550	131 
5551	71 
5552	172 
5553	34 
5554	145 
5555	73 
5556	197 
5557	142 
5558	102 
5559	61 
5560	280 
5561	238 
5562	5 
5563	98 
5564	148 
5565	289 
5566	64 
5567	183 
5568	238 
5569	164 
5570	141 
5571	80 
5572	75 
5573	83 
5574	82 
5575	130 
5576	261 
5577	280 
5578	123 
5579	86 
5580	74 
5581	5 
5582	176 
5583	221 
5584	106 
5585	137 
5586	176 
5587	217 
5588	274 
5589	104 
5590	256 
5591	136 
5592	149 
5593	301 
5594	282 
5595	68 
5596	31 
5597	234 
5598	20 
5599	267 
5600	120 
5601	282 
5602	129 
5603	208 
5604	27 
5605	299 
5606	287 
5607	188 
5608	285 
5609	107 
5610	7 
5611	278 
5612	23 
5613	87 
5614	111 
5615	260 
5616	115 
5617	139 
5618	4 
5619	29 
5620	104 
5621	186 
5622	7 
5623	279 
5624	293 
5625	144 
5626	270 
5627	179 
5628	261 
5629	105 
5630	178 
5631	301 
5632	214 
5633	41 
5634	281 
5635	253 
5636	254 
5637	226 
5638	266 
5639	28 
5640	91 
5641	210 
5642	85 
5643	141 
5644	129 
5645	240 
5646	276 
5647	164 
5648	116 
5649	219 
5650	13 
5651	73 
5652	204 
5653	256 
5654	84 
5655	195 
5656	141 
5657	243 
5658	19 
5659	281 
5660	193 
5661	119 
5662	37 
5663	214 
5664	271 
5665	166 
5666	203 
5667	186 
5668	105 
5669	71 
5670	204 
5671	4 
5672	202 
5673	119 
5674	11 
5675	62 
5676	245 
5677	19 
5678	110 
5679	6 
5680	88 
5681	243 
5682	207 
5683	147 
5684	129 
5685	293 
5686	218 
5687	134 
5688	137 
5689	211 
5690	3 
5691	274 
5692	3 
5693	195 
5694	34 
5695	142 
5696	248 
5697	149 
5698	42 
5699	227 
5700	215 
5701	11 
5702	99 
5703	99 
5704	44 
5705	196 
5706	239 
5707	161 
5708	127 
5709	278 
5710	148 
5711	155 
5712	161 
5713	272 
5714	267 
5715	2 
5716	201 
5717	67 
5718	273 
5719	265 
5720	255 
5721	20 
5722	179 
5723	129 
5724	97 
5725	45 
5726	259 
5727	30 
5728	155 
5729	232 
5730	145 
5731	134 
5732	156 
5733	153 
5734	84 
5735	18 
5736	229 
5737	20 
5738	163 
5739	95 
5740	3 
5741	266 
5742	72 
5743	264 
5744	188 
5745	19 
5746	2 
5747	155 
5748	62 
5749	141 
5750	153 
5751	134 
5752	244 
5753	134 
5754	215 
5755	26 
5756	189 
5757	188 
5758	251 
5759	28 
5760	238 
5761	44 
5762	271 
5763	10 
5764	121 
5765	255 
5766	242 
5767	25 
5768	273 
5769	56 
5770	85 
5771	6 
5772	53 
5773	64 
5774	260 
5775	135 
5776	138 
5777	43 
5778	263 
5779	53 
5780	151 
5781	151 
5782	199 
5783	178 
5784	56 
5785	62 
5786	60 
5787	181 
5788	83 
5789	273 
5790	257 
5791	255 
5792	140 
5793	295 
5794	117 
5795	71 
5796	67 
5797	121 
5798	104 
5799	136 
5800	15 
5801	118 
5802	40 
5803	263 
5804	162 
5805	292 
5806	9 
5807	152 
5808	262 
5809	178 
5810	62 
5811	142 
5812	292 
5813	297 
5814	258 
5815	21 
5816	179 
5817	50 
5818	100 
5819	228 
5820	284 
5821	229 
5822	62 
5823	209 
5824	212 
5825	5 
5826	284 
5827	89 
5828	101 
5829	260 
5830	122 
5831	208 
5832	190 
5833	4 
5834	301 
5835	247 
5836	292 
5837	249 
5838	111 
5839	224 
5840	272 
5841	28 
5842	82 
5843	281 
5844	149 
5845	253 
5846	65 
5847	22 
5848	54 
5849	229 
5850	264 
5851	178 
5852	103 
5853	187 
5854	46 
5855	20 
5856	91 
5857	274 
5858	14 
5859	291 
5860	86 
5861	74 
5862	290 
5863	234 
5864	166 
5865	109 
5866	242 
5867	202 
5868	172 
5869	156 
5870	172 
5871	143 
5872	248 
5873	176 
5874	228 
5875	248 
5876	51 
5877	110 
5878	196 
5879	293 
5880	243 
5881	41 
5882	105 
5883	103 
5884	257 
5885	273 
5886	76 
5887	253 
5888	299 
5889	184 
5890	83 
5891	219 
5892	224 
5893	220 
5894	60 
5895	35 
5896	167 
5897	41 
5898	117 
5899	230 
5900	282 
5901	171 
5902	43 
5903	52 
5904	291 
5905	29 
5906	284 
5907	300 
5908	275 
5909	295 
5910	118 
5911	87 
5912	165 
5913	178 
5914	2 
5915	199 
5916	119 
5917	243 
5918	222 
5919	245 
5920	50 
5921	238 
5922	48 
5923	26 
5924	221 
5925	4 
5926	59 
5927	73 
5928	225 
5929	197 
5930	97 
5931	163 
5932	164 
5933	67 
5934	256 
5935	220 
5936	62 
5937	264 
5938	203 
5939	299 
5940	230 
5941	170 
5942	228 
5943	297 
5944	145 
5945	216 
5946	291 
5947	182 
5948	25 
5949	181 
5950	184 
5951	198 
5952	90 
5953	152 
5954	22 
5955	287 
5956	122 
5957	239 
5958	134 
5959	141 
5960	45 
5961	301 
5962	196 
5963	266 
5964	31 
5965	71 
5966	236 
5967	118 
5968	79 
5969	206 
5970	45 
5971	254 
5972	232 
5973	201 
5974	218 
5975	272 
5976	138 
5977	80 
5978	255 
5979	171 
5980	74 
5981	262 
5982	217 
5983	188 
5984	266 
5985	250 
5986	100 
5987	79 
5988	63 
5989	241 
5990	249 
5991	10 
5992	83 
5993	51 
5994	64 
5995	299 
5996	141 
5997	10 
5998	265 
5999	127 
6000	252 
6001	49 
6002	159 
6003	142 
6004	131 
6005	205 
6006	45 
6007	77 
6008	270 
6009	78 
6010	17 
6011	126 
6012	82 
6013	160 
6014	96 
6015	41 
6016	153 
6017	294 
6018	140 
6019	119 
6020	233 
6021	171 
6022	58 
6023	2 
6024	39 
6025	160 
6026	19 
6027	222 
6028	32 
6029	113 
6030	149 
6031	188 
6032	106 
6033	74 
6034	20 
6035	10 
6036	285 
6037	119 
6038	20 
6039	238 
6040	102 
6041	181 
6042	129 
6043	221 
6044	19 
6045	69 
6046	247 
6047	56 
6048	262 
6049	2 
6050	209 
6051	27 
6052	45 
6053	148 
6054	288 
6055	168 
6056	147 
6057	221 
6058	241 
6059	84 
6060	86 
6061	109 
6062	119 
6063	233 
6064	256 
6065	267 
6066	54 
6067	10 
6068	53 
6069	60 
6070	12 
6071	18 
6072	296 
6073	114 
6074	169 
6075	83 
6076	285 
6077	221 
6078	23 
6079	1 
6080	279 
6081	291 
6082	11 
6083	198 
6084	109 
6085	34 
6086	121 
6087	142 
6088	272 
6089	138 
6090	296 
6091	246 
6092	230 
6093	250 
6094	280 
6095	19 
6096	177 
6097	237 
6098	147 
6099	302 
6100	204 
6101	142 
6102	231 
6103	9 
6104	118 
6105	132 
6106	26 
6107	133 
6108	266 
6109	73 
6110	250 
6111	121 
6112	288 
6113	141 
6114	129 
6115	274 
6116	167 
6117	109 
6118	230 
6119	118 
6120	117 
6121	36 
6122	47 
6123	234 
6124	243 
6125	252 
6126	78 
6127	94 
6128	142 
6129	213 
6130	35 
6131	52 
6132	25 
6133	133 
6134	202 
6135	25 
6136	97 
6137	37 
6138	263 
6139	117 
6140	301 
6141	293 
6142	249 
6143	197 
6144	229 
6145	64 
6146	121 
6147	298 
6148	106 
6149	71 
6150	166 
6151	252 
6152	211 
6153	126 
6154	232 
6155	264 
6156	221 
6157	48 
6158	276 
6159	271 
6160	63 
6161	180 
6162	283 
6163	24 
6164	85 
6165	286 
6166	151 
6167	122 
6168	188 
6169	170 
6170	92 
6171	25 
6172	290 
6173	246 
6174	14 
6175	277 
6176	51 
6177	49 
6178	167 
6179	303 
6180	12 
6181	149 
6182	287 
6183	46 
6184	261 
6185	152 
6186	109 
6187	223 
6188	19 
6189	19 
6190	252 
6191	39 
6192	265 
6193	236 
6194	219 
6195	214 
6196	224 
6197	204 
6198	159 
6199	105 
6200	173 
6201	4 
6202	232 
6203	137 
6204	72 
6205	107 
6206	79 
6207	151 
6208	11 
6209	249 
6210	106 
6211	3 
6212	180 
6213	221 
6214	105 
6215	144 
6216	33 
6217	269 
6218	48 
6219	199 
6220	112 
6221	88 
6222	166 
6223	175 
6224	94 
6225	167 
6226	291 
6227	25 
6228	85 
6229	265 
6230	59 
6231	271 
6232	15 
6233	123 
6234	276 
6235	268 
6236	152 
6237	284 
6238	237 
6239	178 
6240	216 
6241	27 
6242	233 
6243	54 
6244	215 
6245	288 
6246	272 
6247	146 
6248	89 
6249	195 
6250	166 
6251	285 
6252	133 
6253	161 
6254	246 
6255	55 
6256	137 
6257	108 
6258	63 
6259	279 
6260	159 
6261	214 
6262	287 
6263	210 
6264	9 
6265	110 
6266	159 
6267	269 
6268	218 
6269	249 
6270	277 
6271	105 
6272	183 
6273	271 
6274	64 
6275	190 
6276	12 
6277	199 
6278	112 
6279	113 
6280	185 
6281	214 
6282	231 
6283	229 
6284	74 
6285	78 
6286	92 
6287	212 
6288	236 
6289	54 
6290	32 
6291	257 
6292	125 
6293	180 
6294	75 
6295	258 
6296	124 
6297	39 
6298	295 
6299	268 
6300	94 
6301	265 
6302	100 
6303	281 
6304	139 
6305	285 
6306	225 
6307	56 
6308	291 
6309	1 
6310	151 
6311	74 
6312	127 
6313	151 
6314	58 
6315	15 
6316	246 
6317	206 
6318	197 
6319	37 
6320	218 
6321	208 
6322	257 
6323	228 
6324	273 
6325	89 
6326	34 
6327	90 
6328	275 
6329	243 
6330	46 
6331	193 
6332	123 
6333	287 
6334	29 
6335	91 
6336	205 
6337	230 
6338	144 
6339	86 
6340	76 
6341	287 
6342	293 
6343	174 
6344	283 
6345	3 
6346	77 
6347	248 
6348	299 
6349	71 
6350	129 
6351	31 
6352	243 
6353	172 
6354	141 
6355	232 
6356	221 
6357	255 
6358	11 
6359	109 
6360	206 
6361	146 
6362	71 
6363	83 
6364	295 
6365	61 
6366	245 
6367	209 
6368	138 
6369	179 
6370	251 
6371	243 
6372	156 
6373	20 
6374	272 
6375	90 
6376	58 
6377	138 
6378	12 
6379	170 
6380	248 
6381	289 
6382	248 
6383	168 
6384	248 
6385	41 
6386	89 
6387	133 
6388	19 
6389	245 
6390	144 
6391	102 
6392	126 
6393	144 
6394	255 
6395	202 
6396	241 
6397	33 
6398	77 
6399	70 
6400	241 
6401	9 
6402	161 
6403	19 
6404	291 
6405	277 
6406	81 
6407	239 
6408	270 
6409	5 
6410	186 
6411	129 
6412	266 
6413	204 
6414	81 
6415	189 
6416	108 
6417	9 
6418	188 
6419	97 
6420	222 
6421	105 
6422	209 
6423	243 
6424	125 
6425	98 
6426	205 
6427	144 
6428	116 
6429	286 
6430	105 
6431	218 
6432	44 
6433	191 
6434	47 
6435	188 
6436	197 
6437	128 
6438	196 
6439	3 
6440	158 
6441	34 
6442	2 
6443	71 
6444	180 
6445	256 
6446	155 
6447	17 
6448	33 
6449	255 
6450	21 
6451	144 
6452	113 
6453	153 
6454	272 
6455	31 
6456	172 
6457	95 
6458	53 
6459	201 
6460	78 
6461	183 
6462	222 
6463	154 
6464	92 
6465	45 
6466	52 
6467	156 
6468	140 
6469	53 
6470	247 
6471	295 
6472	26 
6473	70 
6474	138 
6475	45 
6476	247 
6477	110 
6478	92 
6479	21 
6480	35 
6481	1 
6482	208 
6483	80 
6484	18 
6485	185 
6486	289 
6487	19 
6488	201 
6489	56 
6490	142 
6491	15 
6492	239 
6493	191 
6494	103 
6495	166 
6496	298 
6497	30 
6498	273 
6499	171 
6500	282 
6501	287 
6502	14 
6503	188 
6504	303 
6505	168 
6506	84 
6507	89 
6508	266 
6509	40 
6510	281 
6511	189 
6512	212 
6513	132 
6514	127 
6515	284 
6516	154 
6517	162 
6518	301 
6519	178 
6520	62 
6521	104 
6522	146 
6523	176 
6524	15 
6525	19 
6526	82 
6527	185 
6528	266 
6529	196 
6530	39 
6531	2 
6532	98 
6533	279 
6534	202 
6535	40 
6536	295 
6537	45 
6538	32 
6539	35 
6540	110 
6541	55 
6542	207 
6543	101 
6544	259 
6545	179 
6546	252 
6547	97 
6548	280 
6549	143 
6550	149 
6551	21 
6552	72 
6553	253 
6554	283 
6555	41 
6556	110 
6557	248 
6558	92 
6559	178 
6560	244 
6561	73 
6562	299 
6563	84 
6564	145 
6565	123 
6566	223 
6567	254 
6568	196 
6569	76 
6570	154 
6571	183 
6572	215 
6573	265 
6574	237 
6575	204 
6576	280 
6577	106 
6578	7 
6579	301 
6580	260 
6581	41 
6582	113 
6583	172 
6584	301 
6585	53 
6586	221 
6587	106 
6588	135 
6589	48 
6590	176 
6591	127 
6592	137 
6593	166 
6594	73 
6595	127 
6596	115 
6597	210 
6598	232 
6599	46 
6600	187 
6601	3 
6602	6 
6603	142 
6604	107 
6605	230 
6606	106 
6607	149 
6608	228 
6609	47 
6610	70 
6611	57 
6612	13 
6613	185 
6614	157 
6615	238 
6616	72 
6617	122 
6618	225 
6619	241 
6620	254 
6621	59 
6622	217 
6623	282 
6624	260 
6625	98 
6626	130 
6627	223 
6628	77 
6629	111 
6630	33 
6631	298 
6632	75 
6633	234 
6634	151 
6635	141 
6636	199 
6637	56 
6638	202 
6639	61 
6640	261 
6641	35 
6642	162 
6643	249 
6644	204 
6645	38 
6646	252 
6647	114 
6648	88 
6649	170 
6650	187 
6651	100 
6652	240 
6653	140 
6654	167 
6655	218 
6656	36 
6657	230 
6658	126 
6659	217 
6660	37 
6661	235 
6662	149 
6663	23 
6664	15 
6665	199 
6666	292 
6667	116 
6668	101 
6669	240 
6670	40 
6671	45 
6672	25 
6673	82 
6674	243 
6675	54 
6676	172 
6677	224 
6678	183 
6679	70 
6680	252 
6681	277 
6682	259 
6683	76 
6684	162 
6685	287 
6686	83 
6687	125 
6688	193 
6689	55 
6690	295 
6691	214 
6692	137 
6693	272 
6694	86 
6695	155 
6696	144 
6697	219 
6698	21 
6699	264 
6700	173 
6701	98 
6702	256 
6703	1 
6704	130 
6705	289 
6706	229 
6707	36 
6708	225 
6709	21 
6710	162 
6711	164 
6712	235 
6713	267 
6714	294 
6715	11 
6716	65 
6717	240 
6718	62 
6719	165 
6720	84 
6721	77 
6722	86 
6723	248 
6724	234 
6725	25 
6726	80 
6727	66 
6728	291 
6729	131 
6730	260 
6731	172 
6732	51 
6733	81 
6734	273 
6735	50 
6736	186 
6737	43 
6738	7 
6739	216 
6740	87 
6741	27 
6742	30 
6743	261 
6744	84 
6745	125 
6746	96 
6747	183 
6748	3 
6749	244 
6750	231 
6751	113 
6752	242 
6753	164 
6754	278 
6755	21 
6756	243 
6757	271 
6758	122 
6759	201 
6760	123 
6761	234 
6762	60 
6763	295 
6764	223 
6765	182 
6766	69 
6767	159 
6768	68 
6769	242 
6770	90 
6771	116 
6772	39 
6773	41 
6774	95 
6775	128 
6776	245 
6777	225 
6778	107 
6779	297 
6780	113 
6781	139 
6782	19 
6783	141 
6784	10 
6785	185 
6786	47 
6787	59 
6788	204 
6789	1 
6790	286 
6791	168 
6792	132 
6793	178 
6794	51 
6795	17 
6796	236 
6797	58 
6798	252 
6799	237 
6800	171 
6801	240 
6802	126 
6803	228 
6804	201 
6805	84 
6806	29 
6807	30 
6808	155 
6809	88 
6810	27 
6811	113 
6812	229 
6813	240 
6814	22 
6815	284 
6816	86 
6817	62 
6818	90 
6819	118 
6820	79 
6821	96 
6822	288 
6823	256 
6824	66 
6825	251 
6826	230 
6827	246 
6828	34 
6829	2 
6830	54 
6831	12 
6832	94 
6833	290 
6834	212 
6835	166 
6836	278 
6837	17 
6838	89 
6839	277 
6840	287 
6841	119 
6842	140 
6843	20 
6844	269 
6845	41 
6846	167 
6847	22 
6848	248 
6849	164 
6850	241 
6851	125 
6852	233 
6853	294 
6854	255 
6855	204 
6856	27 
6857	2 
6858	60 
6859	36 
6860	226 
6861	82 
6862	89 
6863	226 
6864	109 
6865	222 
6866	101 
6867	259 
6868	91 
6869	267 
6870	255 
6871	20 
6872	205 
6873	191 
6874	262 
6875	81 
6876	201 
6877	100 
6878	188 
6879	6 
6880	54 
6881	232 
6882	172 
6883	209 
6884	217 
6885	299 
6886	234 
6887	276 
6888	209 
6889	221 
6890	30 
6891	238 
6892	232 
6893	145 
6894	75 
6895	261 
6896	43 
6897	212 
6898	102 
6899	83 
6900	19 
6901	141 
6902	167 
6903	92 
6904	160 
6905	24 
6906	63 
6907	186 
6908	218 
6909	146 
6910	296 
6911	233 
6912	167 
6913	286 
6914	85 
6915	251 
6916	48 
6917	146 
6918	244 
6919	274 
6920	202 
6921	167 
6922	78 
6923	116 
6924	286 
6925	89 
6926	294 
6927	60 
6928	195 
6929	217 
6930	223 
6931	147 
6932	293 
6933	91 
6934	131 
6935	303 
6936	133 
6937	250 
6938	76 
6939	274 
6940	254 
6941	141 
6942	44 
6943	142 
6944	123 
6945	143 
6946	106 
6947	210 
6948	202 
6949	19 
6950	57 
6951	173 
6952	121 
6953	223 
6954	284 
6955	183 
6956	153 
6957	112 
6958	10 
6959	77 
6960	95 
6961	169 
6962	225 
6963	84 
6964	74 
6965	161 
6966	201 
6967	165 
6968	109 
6969	165 
6970	269 
6971	102 
6972	22 
6973	151 
6974	35 
6975	260 
6976	235 
6977	120 
6978	276 
6979	213 
6980	168 
6981	279 
6982	126 
6983	55 
6984	80 
6985	60 
6986	148 
6987	302 
6988	51 
6989	189 
6990	266 
6991	248 
6992	289 
6993	61 
6994	110 
6995	17 
6996	280 
6997	204 
6998	235 
6999	277 
7000	204 
7001	155 
7002	275 
7003	154 
7004	287 
7005	175 
7006	64 
7007	254 
7008	255 
7009	253 
7010	295 
7011	64 
7012	237 
7013	142 
7014	109 
7015	281 
7016	228 
7017	243 
7018	82 
7019	285 
7020	3 
7021	138 
7022	119 
7023	68 
7024	231 
7025	51 
7026	187 
7027	139 
7028	142 
7029	138 
7030	242 
7031	272 
7032	31 
7033	209 
7034	214 
7035	34 
7036	33 
7037	171 
7038	301 
7039	137 
7040	78 
7041	129 
7042	302 
7043	72 
7044	142 
7045	279 
7046	277 
7047	65 
7048	250 
7049	40 
7050	303 
7051	88 
7052	154 
7053	27 
7054	151 
7055	220 
7056	100 
7057	234 
7058	168 
7059	218 
7060	149 
7061	251 
7062	143 
7063	23 
7064	39 
7065	254 
7066	246 
7067	297 
7068	80 
7069	173 
7070	230 
7071	136 
7072	146 
7073	86 
7074	134 
7075	29 
7076	64 
7077	103 
7078	194 
7079	200 
7080	29 
7081	76 
7082	282 
7083	293 
7084	183 
7085	134 
7086	177 
7087	142 
7088	201 
7089	99 
7090	137 
7091	54 
7092	24 
7093	135 
7094	301 
7095	169 
7096	79 
7097	274 
7098	301 
7099	100 
7100	286 
7101	227 
7102	134 
7103	244 
7104	64 
7105	73 
7106	170 
7107	229 
7108	119 
7109	69 
7110	227 
7111	130 
7112	265 
7113	55 
7114	166 
7115	287 
7116	80 
7117	251 
7118	63 
7119	234 
7120	79 
7121	285 
7122	19 
7123	113 
7124	246 
7125	76 
7126	132 
7127	35 
7128	116 
7129	95 
7130	15 
7131	21 
7132	253 
7133	269 
7134	298 
7135	13 
7136	142 
7137	204 
7138	25 
7139	255 
7140	259 
7141	279 
7142	201 
7143	191 
7144	96 
7145	4 
7146	30 
7147	258 
7148	268 
7149	273 
7150	25 
7151	240 
7152	296 
7153	14 
7154	121 
7155	42 
7156	56 
7157	2 
7158	229 
7159	154 
7160	41 
7161	260 
7162	232 
7163	254 
7164	96 
7165	224 
7166	214 
7167	297 
7168	181 
7169	261 
7170	236 
7171	153 
7172	173 
7173	230 
7174	167 
7175	140 
7176	191 
7177	3 
7178	293 
7179	283 
7180	303 
7181	133 
7182	84 
7183	171 
7184	2 
7185	160 
7186	197 
7187	124 
7188	49 
7189	250 
7190	301 
7191	36 
7192	22 
7193	177 
7194	44 
7195	38 
7196	238 
7197	211 
7198	4 
7199	79 
7200	14 
7201	105 
7202	141 
7203	279 
7204	221 
7205	202 
7206	230 
7207	41 
7208	182 
7209	173 
7210	111 
7211	3 
7212	39 
7213	56 
7214	48 
7215	54 
7216	227 
7217	33 
7218	71 
7219	185 
7220	8 
7221	302 
7222	16 
7223	52 
7224	219 
7225	245 
7226	227 
7227	179 
7228	234 
7229	71 
7230	152 
7231	129 
7232	73 
7233	257 
7234	154 
7235	239 
7236	254 
7237	214 
7238	55 
7239	113 
7240	274 
7241	60 
7242	87 
7243	110 
7244	187 
7245	251 
7246	199 
7247	114 
7248	129 
7249	243 
7250	255 
7251	48 
7252	46 
7253	53 
7254	303 
7255	107 
7256	33 
7257	191 
7258	194 
7259	122 
7260	1 
7261	31 
7262	244 
7263	268 
7264	221 
7265	139 
7266	277 
7267	121 
7268	242 
7269	28 
7270	290 
7271	249 
7272	223 
7273	300 
7274	101 
7275	210 
7276	114 
7277	39 
7278	163 
7279	10 
7280	9 
7281	225 
7282	59 
7283	119 
7284	191 
7285	45 
7286	210 
7287	206 
7288	65 
7289	285 
7290	172 
7291	118 
7292	139 
7293	145 
7294	89 
7295	194 
7296	166 
7297	221 
7298	273 
7299	5 
7300	155 
7301	27 
7302	256 
7303	107 
7304	296 
7305	150 
7306	137 
7307	69 
7308	36 
7309	256 
7310	204 
7311	93 
7312	75 
7313	277 
7314	37 
7315	234 
7316	87 
7317	189 
7318	187 
7319	184 
7320	120 
7321	42 
7322	290 
7323	291 
7324	212 
7325	8 
7326	279 
7327	139 
7328	229 
7329	104 
7330	59 
7331	199 
7332	295 
7333	184 
7334	165 
7335	289 
7336	115 
7337	199 
7338	89 
7339	39 
7340	176 
7341	17 
7342	276 
7343	195 
7344	126 
7345	191 
7346	128 
7347	21 
7348	23 
7349	249 
7350	76 
7351	169 
7352	65 
7353	293 
7354	3 
7355	153 
7356	282 
7357	240 
7358	17 
7359	139 
7360	97 
7361	272 
7362	175 
7363	18 
7364	299 
7365	40 
7366	88 
7367	180 
7368	9 
7369	104 
7370	157 
7371	138 
7372	68 
7373	200 
7374	54 
7375	159 
7376	84 
7377	5 
7378	125 
7379	293 
7380	205 
7381	61 
7382	190 
7383	199 
7384	241 
7385	79 
7386	62 
7387	54 
7388	81 
7389	110 
7390	160 
7391	235 
7392	101 
7393	20 
7394	3 
7395	158 
7396	57 
7397	30 
7398	143 
7399	254 
7400	111 
7401	263 
7402	199 
7403	192 
7404	297 
7405	224 
7406	151 
7407	13 
7408	36 
7409	35 
7410	24 
7411	244 
7412	295 
7413	232 
7414	35 
7415	195 
7416	157 
7417	268 
7418	54 
7419	57 
7420	36 
7421	202 
7422	146 
7423	217 
7424	125 
7425	106 
7426	145 
7427	211 
7428	103 
7429	93 
7430	69 
7431	301 
7432	129 
7433	213 
7434	216 
7435	58 
7436	15 
7437	235 
7438	214 
7439	152 
7440	161 
7441	23 
7442	268 
7443	241 
7444	57 
7445	31 
7446	183 
7447	188 
7448	250 
7449	46 
7450	130 
7451	12 
7452	228 
7453	49 
7454	234 
7455	151 
7456	186 
7457	197 
7458	230 
7459	3 
7460	247 
7461	260 
7462	120 
7463	206 
7464	190 
7465	93 
7466	165 
7467	199 
7468	146 
7469	55 
7470	146 
7471	135 
7472	16 
7473	165 
7474	189 
7475	281 
7476	92 
7477	123 
7478	23 
7479	251 
7480	39 
7481	56 
7482	149 
7483	182 
7484	191 
7485	302 
7486	50 
7487	101 
7488	82 
7489	78 
7490	37 
7491	56 
7492	132 
7493	221 
7494	212 
7495	237 
7496	156 
7497	40 
7498	151 
7499	218 
7500	92 
7501	156 
7502	53 
7503	91 
7504	65 
7505	86 
7506	266 
7507	94 
7508	281 
7509	126 
7510	76 
7511	122 
7512	225 
7513	15 
7514	211 
7515	300 
7516	260 
7517	63 
7518	257 
7519	133 
7520	47 
7521	291 
7522	204 
7523	30 
7524	139 
7525	56 
7526	139 
7527	303 
7528	244 
7529	34 
7530	167 
7531	251 
7532	159 
7533	248 
7534	220 
7535	80 
7536	214 
7537	104 
7538	220 
7539	121 
7540	82 
7541	79 
7542	28 
7543	175 
7544	294 
7545	27 
7546	221 
7547	75 
7548	73 
7549	51 
7550	302 
7551	258 
7552	74 
7553	88 
7554	56 
7555	264 
7556	151 
7557	242 
7558	276 
7559	246 
7560	40 
7561	155 
7562	30 
7563	249 
7564	281 
7565	124 
7566	193 
7567	39 
7568	160 
7569	153 
7570	266 
7571	199 
7572	271 
7573	4 
7574	115 
7575	102 
7576	82 
7577	290 
7578	265 
7579	102 
7580	60 
7581	299 
7582	25 
7583	161 
7584	9 
7585	198 
7586	202 
7587	164 
7588	228 
7589	17 
7590	109 
7591	179 
7592	87 
7593	82 
7594	1 
7595	92 
7596	157 
7597	219 
7598	78 
7599	214 
7600	298 
7601	225 
7602	290 
7603	41 
7604	101 
7605	296 
7606	270 
7607	282 
7608	171 
7609	281 
7610	254 
7611	135 
7612	19 
7613	209 
7614	96 
7615	13 
7616	26 
7617	74 
7618	225 
7619	108 
7620	265 
7621	11 
7622	280 
7623	53 
7624	148 
7625	20 
7626	185 
7627	216 
7628	254 
7629	134 
7630	172 
7631	228 
7632	92 
7633	178 
7634	211 
7635	39 
7636	111 
7637	293 
7638	37 
7639	273 
7640	268 
7641	292 
7642	246 
7643	245 
7644	216 
7645	179 
7646	133 
7647	167 
7648	34 
7649	45 
7650	120 
7651	129 
7652	51 
7653	56 
7654	62 
7655	100 
7656	205 
7657	80 
7658	299 
7659	298 
7660	121 
7661	143 
7662	52 
7663	184 
7664	291 
7665	83 
7666	228 
7667	255 
7668	147 
7669	299 
7670	256 
7671	89 
7672	29 
7673	207 
7674	232 
7675	210 
7676	202 
7677	114 
7678	123 
7679	117 
7680	116 
7681	190 
7682	207 
7683	226 
7684	262 
7685	141 
7686	180 
7687	191 
7688	125 
7689	302 
7690	172 
7691	143 
7692	291 
7693	22 
7694	212 
7695	98 
7696	245 
7697	297 
7698	164 
7699	227 
7700	215 
7701	293 
7702	105 
7703	216 
7704	17 
7705	12 
7706	225 
7707	207 
7708	123 
7709	247 
7710	5 
7711	273 
7712	98 
7713	299 
7714	121 
7715	10 
7716	142 
7717	158 
7718	92 
7719	12 
7720	221 
7721	89 
7722	158 
7723	279 
7724	13 
7725	199 
7726	254 
7727	174 
7728	272 
7729	190 
7730	59 
7731	246 
7732	26 
7733	190 
7734	140 
7735	144 
7736	119 
7737	148 
7738	222 
7739	83 
7740	41 
7741	36 
7742	39 
7743	101 
7744	270 
7745	71 
7746	214 
7747	113 
7748	231 
7749	125 
7750	58 
7751	165 
7752	88 
7753	247 
7754	120 
7755	248 
7756	8 
7757	124 
7758	239 
7759	3 
7760	136 
7761	66 
7762	207 
7763	81 
7764	239 
7765	123 
7766	280 
7767	146 
7768	89 
7769	277 
7770	276 
7771	83 
7772	219 
7773	117 
7774	236 
7775	283 
7776	250 
7777	166 
7778	186 
7779	191 
7780	74 
7781	158 
7782	171 
7783	207 
7784	21 
7785	16 
7786	8 
7787	160 
7788	62 
7789	106 
7790	125 
7791	176 
7792	233 
7793	52 
7794	231 
7795	226 
7796	153 
7797	231 
7798	6 
7799	97 
7800	90 
7801	28 
7802	253 
7803	277 
7804	55 
7805	48 
7806	92 
7807	164 
7808	120 
7809	60 
7810	167 
7811	259 
7812	60 
7813	258 
7814	162 
7815	197 
7816	157 
7817	185 
7818	31 
7819	237 
7820	116 
7821	247 
7822	157 
7823	7 
7824	281 
7825	56 
7826	275 
7827	13 
7828	267 
7829	161 
7830	178 
7831	103 
7832	4 
7833	254 
7834	123 
7835	225 
7836	254 
7837	84 
7838	287 
7839	34 
7840	8 
7841	264 
7842	262 
7843	19 
7844	119 
7845	129 
7846	66 
7847	203 
7848	272 
7849	47 
7850	153 
7851	258 
7852	196 
7853	64 
7854	46 
7855	11 
7856	50 
7857	244 
7858	298 
7859	272 
7860	153 
7861	51 
7862	287 
7863	149 
7864	162 
7865	2 
7866	22 
7867	101 
7868	163 
7869	87 
7870	251 
7871	231 
7872	61 
7873	172 
7874	109 
7875	76 
7876	206 
7877	65 
7878	182 
7879	159 
7880	242 
7881	89 
7882	59 
7883	33 
7884	111 
7885	181 
7886	129 
7887	119 
7888	64 
7889	19 
7890	221 
7891	107 
7892	83 
7893	219 
7894	111 
7895	146 
7896	229 
7897	137 
7898	49 
7899	240 
7900	287 
7901	25 
7902	180 
7903	95 
7904	39 
7905	198 
7906	13 
7907	101 
7908	179 
7909	47 
7910	229 
7911	36 
7912	41 
7913	4 
7914	74 
7915	38 
7916	25 
7917	77 
7918	92 
7919	266 
7920	102 
7921	94 
7922	98 
7923	200 
7924	252 
7925	84 
7926	100 
7927	137 
7928	226 
7929	96 
7930	194 
7931	56 
7932	174 
7933	284 
7934	188 
7935	270 
7936	214 
7937	296 
7938	277 
7939	212 
7940	217 
7941	86 
7942	75 
7943	149 
7944	139 
7945	160 
7946	158 
7947	201 
7948	38 
7949	222 
7950	46 
7951	261 
7952	186 
7953	292 
7954	230 
7955	194 
7956	163 
7957	218 
7958	179 
7959	34 
7960	86 
7961	145 
7962	226 
7963	103 
7964	226 
7965	201 
7966	188 
7967	196 
7968	166 
7969	113 
7970	238 
7971	61 
7972	80 
7973	303 
7974	90 
7975	272 
7976	79 
7977	303 
7978	295 
7979	62 
7980	166 
7981	232 
7982	230 
7983	238 
7984	23 
7985	300 
7986	93 
7987	229 
7988	215 
7989	301 
7990	145 
7991	287 
7992	106 
7993	76 
7994	230 
7995	210 
7996	40 
7997	70 
7998	211 
7999	74 
8000	34 
8001	20 
8002	142 
8003	216 
8004	247 
8005	77 
8006	10 
8007	290 
8008	233 
8009	282 
8010	112 
8011	228 
8012	287 
8013	300 
8014	6 
8015	63 
8016	88 
8017	107 
8018	246 
8019	276 
8020	46 
8021	231 
8022	279 
8023	234 
8024	68 
8025	198 
8026	168 
8027	48 
8028	66 
8029	139 
8030	249 
8031	202 
8032	215 
8033	196 
8034	139 
8035	260 
8036	53 
8037	34 
8038	69 
8039	204 
8040	270 
8041	64 
8042	117 
8043	113 
8044	109 
8045	83 
8046	248 
8047	193 
8048	168 
8049	27 
8050	206 
8051	246 
8052	166 
8053	109 
8054	52 
8055	221 
8056	216 
8057	267 
8058	214 
8059	50 
8060	301 
8061	117 
8062	230 
8063	124 
8064	256 
8065	29 
8066	106 
8067	66 
8068	107 
8069	107 
8070	189 
8071	61 
8072	108 
8073	214 
8074	85 
8075	34 
8076	38 
8077	299 
8078	160 
8079	127 
8080	173 
8081	232 
8082	42 
8083	279 
8084	262 
8085	124 
8086	106 
8087	243 
8088	242 
8089	233 
8090	280 
8091	92 
8092	117 
8093	65 
8094	294 
8095	119 
8096	220 
8097	156 
8098	64 
8099	272 
8100	256 
8101	250 
8102	55 
8103	229 
8104	247 
8105	207 
8106	231 
8107	240 
8108	284 
8109	166 
8110	303 
8111	271 
8112	230 
8113	143 
8114	280 
8115	19 
8116	25 
8117	216 
8118	54 
8119	220 
8120	37 
8121	117 
8122	27 
8123	193 
8124	253 
8125	298 
8126	59 
8127	159 
8128	271 
8129	192 
8130	232 
8131	90 
8132	108 
8133	53 
8134	276 
8135	12 
8136	124 
8137	28 
8138	54 
8139	127 
8140	236 
8141	94 
8142	147 
8143	160 
8144	197 
8145	36 
8146	210 
8147	39 
8148	174 
8149	133 
8150	260 
8151	119 
8152	302 
8153	235 
8154	217 
8155	170 
8156	264 
8157	274 
8158	39 
8159	162 
8160	79 
8161	55 
8162	128 
8163	281 
8164	168 
8165	241 
8166	16 
8167	157 
8168	253 
8169	220 
8170	191 
8171	74 
8172	27 
8173	259 
8174	189 
8175	245 
8176	133 
8177	228 
8178	269 
8179	74 
8180	144 
8181	292 
8182	185 
8183	160 
8184	177 
8185	96 
8186	231 
8187	160 
8188	180 
8189	55 
8190	24 
8191	32 
8192	288 
8193	162 
8194	221 
8195	109 
8196	273 
8197	150 
8198	62 
8199	218 
8200	279 
8201	94 
8202	288 
8203	203 
8204	203 
8205	65 
8206	248 
8207	23 
8208	198 
8209	166 
8210	92 
8211	184 
8212	87 
8213	107 
8214	155 
8215	216 
8216	46 
8217	51 
8218	87 
8219	303 
8220	231 
8221	84 
8222	7 
8223	108 
8224	17 
8225	84 
8226	92 
8227	227 
8228	176 
8229	12 
8230	192 
8231	223 
8232	258 
8233	199 
8234	272 
8235	91 
8236	14 
8237	156 
8238	252 
8239	103 
8240	147 
8241	94 
8242	138 
8243	126 
8244	253 
8245	175 
8246	233 
8247	53 
8248	232 
8249	185 
8250	239 
8251	110 
8252	235 
8253	108 
8254	227 
8255	178 
8256	28 
8257	246 
8258	292 
8259	32 
8260	302 
8261	144 
8262	295 
8263	189 
8264	170 
8265	156 
8266	205 
8267	159 
8268	50 
8269	90 
8270	131 
8271	110 
8272	25 
8273	166 
8274	232 
8275	187 
8276	135 
8277	264 
8278	298 
8279	268 
8280	22 
8281	61 
8282	197 
8283	289 
8284	184 
8285	57 
8286	126 
8287	55 
8288	287 
8289	108 
8290	77 
8291	97 
8292	34 
8293	70 
8294	61 
8295	150 
8296	137 
8297	129 
8298	272 
8299	77 
8300	133 
8301	62 
8302	42 
8303	188 
8304	264 
8305	186 
8306	242 
8307	8 
8308	289 
8309	58 
8310	212 
8311	262 
8312	49 
8313	200 
8314	266 
8315	104 
8316	283 
8317	123 
8318	101 
8319	16 
8320	154 
8321	172 
8322	271 
8323	13 
8324	116 
8325	209 
8326	200 
8327	21 
8328	198 
8329	282 
8330	211 
8331	53 
8332	269 
8333	102 
8334	85 
8335	170 
8336	280 
8337	91 
8338	215 
8339	121 
8340	6 
8341	215 
8342	289 
8343	150 
8344	165 
8345	194 
8346	76 
8347	4 
8348	144 
8349	44 
8350	19 
8351	86 
8352	51 
8353	36 
8354	97 
8355	10 
8356	180 
8357	187 
8358	158 
8359	27 
8360	228 
8361	290 
8362	241 
8363	241 
8364	19 
8365	125 
8366	130 
8367	253 
8368	36 
8369	298 
8370	51 
8371	146 
8372	302 
8373	171 
8374	61 
8375	86 
8376	167 
8377	25 
8378	103 
8379	55 
8380	62 
8381	243 
8382	180 
8383	280 
8384	60 
8385	258 
8386	165 
8387	289 
8388	242 
8389	77 
8390	248 
8391	217 
8392	22 
8393	86 
8394	110 
8395	60 
8396	50 
8397	121 
8398	70 
8399	287 
8400	200 
8401	98 
8402	67 
8403	19 
8404	99 
8405	303 
8406	137 
8407	173 
8408	265 
8409	130 
8410	15 
8411	29 
8412	59 
8413	194 
8414	241 
8415	176 
8416	203 
8417	209 
8418	224 
8419	49 
8420	73 
8421	244 
8422	294 
8423	198 
8424	161 
8425	115 
8426	125 
8427	212 
8428	207 
8429	293 
8430	56 
8431	136 
8432	106 
8433	19 
8434	37 
8435	106 
8436	101 
8437	20 
8438	110 
8439	186 
8440	256 
8441	295 
8442	59 
8443	182 
8444	194 
8445	171 
8446	283 
8447	14 
8448	261 
8449	105 
8450	1 
8451	129 
8452	196 
8453	138 
8454	64 
8455	92 
8456	57 
8457	220 
8458	250 
8459	55 
8460	202 
8461	248 
8462	28 
8463	52 
8464	176 
8465	119 
8466	73 
8467	303 
8468	230 
8469	137 
8470	121 
8471	270 
8472	42 
8473	17 
8474	61 
8475	90 
8476	253 
8477	89 
8478	119 
8479	196 
8480	59 
8481	278 
8482	132 
8483	225 
8484	4 
8485	302 
8486	24 
8487	76 
8488	221 
8489	255 
8490	283 
8491	120 
8492	254 
8493	110 
8494	163 
8495	238 
8496	39 
8497	48 
8498	99 
8499	182 
8500	24 
8501	204 
8502	138 
8503	67 
8504	60 
8505	134 
8506	148 
8507	245 
8508	293 
8509	2 
8510	160 
8511	196 
8512	40 
8513	21 
8514	288 
8515	55 
8516	165 
8517	277 
8518	248 
8519	139 
8520	53 
8521	116 
8522	202 
8523	235 
8524	20 
8525	160 
8526	8 
8527	151 
8528	275 
8529	232 
8530	303 
8531	11 
8532	166 
8533	30 
8534	126 
8535	234 
8536	149 
8537	276 
8538	229 
8539	113 
8540	217 
8541	92 
8542	294 
8543	234 
8544	114 
8545	189 
8546	279 
8547	121 
8548	162 
8549	142 
8550	56 
8551	123 
8552	240 
8553	236 
8554	157 
8555	237 
8556	37 
8557	225 
8558	234 
8559	293 
8560	87 
8561	121 
8562	81 
8563	130 
8564	38 
8565	169 
8566	169 
8567	2 
8568	156 
8569	98 
8570	293 
8571	76 
8572	166 
8573	153 
8574	225 
8575	168 
8576	232 
8577	102 
8578	20 
8579	186 
8580	261 
8581	168 
8582	231 
8583	254 
8584	46 
8585	124 
8586	30 
8587	133 
8588	31 
8589	101 
8590	88 
8591	233 
8592	162 
8593	221 
8594	219 
8595	250 
8596	222 
8597	221 
8598	39 
8599	80 
8600	53 
8601	128 
8602	57 
8603	240 
8604	117 
8605	157 
8606	204 
8607	56 
8608	132 
8609	5 
8610	209 
8611	63 
8612	266 
8613	129 
8614	94 
8615	191 
8616	103 
8617	7 
8618	223 
8619	204 
8620	240 
8621	274 
8622	126 
8623	246 
8624	228 
8625	186 
8626	303 
8627	241 
8628	55 
8629	192 
8630	88 
8631	292 
8632	159 
8633	263 
8634	55 
8635	78 
8636	302 
8637	147 
8638	159 
8639	262 
8640	87 
8641	284 
8642	203 
8643	81 
8644	88 
8645	121 
8646	286 
8647	271 
8648	5 
8649	126 
8650	296 
8651	293 
8652	195 
8653	72 
8654	12 
8655	42 
8656	18 
8657	58 
8658	177 
8659	303 
8660	95 
8661	108 
8662	40 
8663	84 
8664	178 
8665	45 
8666	42 
8667	79 
8668	65 
8669	197 
8670	200 
8671	281 
8672	248 
8673	161 
8674	44 
8675	195 
8676	94 
8677	169 
8678	279 
8679	295 
8680	200 
8681	99 
8682	56 
8683	79 
8684	282 
8685	51 
8686	148 
8687	102 
8688	266 
8689	63 
8690	191 
8691	63 
8692	161 
8693	237 
8694	157 
8695	255 
8696	260 
8697	90 
8698	65 
8699	231 
8700	60 
8701	76 
8702	238 
8703	246 
8704	219 
8705	292 
8706	252 
8707	107 
8708	236 
8709	127 
8710	30 
8711	95 
8712	170 
8713	276 
8714	67 
8715	162 
8716	157 
8717	21 
8718	41 
8719	55 
8720	133 
8721	191 
8722	44 
8723	14 
8724	208 
8725	172 
8726	258 
8727	110 
8728	87 
8729	88 
8730	32 
8731	115 
8732	9 
8733	220 
8734	155 
8735	77 
8736	165 
8737	222 
8738	182 
8739	216 
8740	276 
8741	114 
8742	111 
8743	173 
8744	178 
8745	67 
8746	201 
8747	257 
8748	150 
8749	147 
8750	58 
8751	55 
8752	271 
8753	217 
8754	242 
8755	80 
8756	242 
8757	58 
8758	265 
8759	166 
8760	292 
8761	156 
8762	269 
8763	211 
8764	92 
8765	206 
8766	281 
8767	170 
8768	218 
8769	55 
8770	295 
8771	137 
8772	119 
8773	179 
8774	9 
8775	271 
8776	249 
8777	130 
8778	52 
8779	173 
8780	98 
8781	260 
8782	46 
8783	266 
8784	293 
8785	14 
8786	228 
8787	75 
8788	242 
8789	212 
8790	291 
8791	61 
8792	197 
8793	118 
8794	14 
8795	58 
8796	291 
8797	99 
8798	102 
8799	237 
8800	87 
8801	70 
8802	278 
8803	189 
8804	284 
8805	98 
8806	105 
8807	129 
8808	72 
8809	279 
8810	151 
8811	235 
8812	164 
8813	48 
8814	46 
8815	135 
8816	235 
8817	36 
8818	139 
8819	263 
8820	101 
8821	90 
8822	74 
8823	39 
8824	31 
8825	67 
8826	110 
8827	220 
8828	241 
8829	260 
8830	204 
8831	80 
8832	230 
8833	228 
8834	211 
8835	122 
8836	164 
8837	296 
8838	27 
8839	245 
8840	140 
8841	218 
8842	89 
8843	235 
8844	269 
8845	103 
8846	221 
8847	87 
8848	178 
8849	50 
8850	256 
8851	21 
8852	44 
8853	87 
8854	10 
8855	48 
8856	5 
8857	224 
8858	158 
8859	22 
8860	109 
8861	119 
8862	300 
8863	197 
8864	249 
8865	3 
8866	6 
8867	127 
8868	36 
8869	121 
8870	3 
8871	266 
8872	66 
8873	34 
8874	168 
8875	76 
8876	17 
8877	260 
8878	3 
8879	197 
8880	294 
8881	80 
8882	186 
8883	30 
8884	207 
8885	8 
8886	83 
8887	101 
8888	60 
8889	140 
8890	291 
8891	237 
8892	131 
8893	297 
8894	15 
8895	5 
8896	36 
8897	204 
8898	75 
8899	186 
8900	95 
8901	41 
8902	184 
8903	151 
8904	96 
8905	98 
8906	135 
8907	301 
8908	38 
8909	187 
8910	168 
8911	88 
8912	11 
8913	17 
8914	113 
8915	241 
8916	57 
8917	285 
8918	165 
8919	29 
8920	276 
8921	224 
8922	231 
8923	227 
8924	298 
8925	218 
8926	119 
8927	122 
8928	209 
8929	116 
8930	133 
8931	221 
8932	181 
8933	249 
8934	28 
8935	28 
8936	76 
8937	230 
8938	107 
8939	111 
8940	96 
8941	40 
8942	192 
8943	292 
8944	150 
8945	45 
8946	118 
8947	102 
8948	288 
8949	106 
8950	60 
8951	37 
8952	238 
8953	40 
8954	67 
8955	26 
8956	159 
8957	66 
8958	277 
8959	131 
8960	232 
8961	186 
8962	217 
8963	192 
8964	279 
8965	200 
8966	15 
8967	110 
8968	39 
8969	87 
8970	56 
8971	126 
8972	18 
8973	58 
8974	26 
8975	164 
8976	268 
8977	236 
8978	102 
8979	71 
8980	301 
8981	104 
8982	45 
8983	166 
8984	86 
8985	218 
8986	203 
8987	14 
8988	259 
8989	113 
8990	167 
8991	180 
8992	202 
8993	197 
8994	190 
8995	266 
8996	243 
8997	43 
8998	73 
8999	207 
9000	62 
9001	2 
9002	73 
9003	137 
9004	117 
9005	275 
9006	34 
9007	165 
9008	210 
9009	202 
9010	125 
9011	185 
9012	299 
9013	79 
9014	126 
9015	244 
9016	231 
9017	155 
9018	73 
9019	293 
9020	291 
9021	134 
9022	242 
9023	107 
9024	207 
9025	124 
9026	285 
9027	103 
9028	105 
9029	166 
9030	77 
9031	220 
9032	133 
9033	107 
9034	27 
9035	279 
9036	75 
9037	139 
9038	40 
9039	127 
9040	109 
9041	51 
9042	268 
9043	157 
9044	171 
9045	263 
9046	277 
9047	124 
9048	61 
9049	165 
9050	241 
9051	22 
9052	194 
9053	83 
9054	6 
9055	296 
9056	235 
9057	223 
9058	285 
9059	57 
9060	124 
9061	273 
9062	233 
9063	184 
9064	284 
9065	125 
9066	139 
9067	125 
9068	60 
9069	225 
9070	21 
9071	202 
9072	121 
9073	90 
9074	281 
9075	283 
9076	44 
9077	156 
9078	40 
9079	302 
9080	162 
9081	212 
9082	292 
9083	139 
9084	110 
9085	27 
9086	53 
9087	281 
9088	241 
9089	119 
9090	11 
9091	198 
9092	202 
9093	181 
9094	96 
9095	260 
9096	232 
9097	163 
9098	146 
9099	207 
9100	64 
9101	39 
9102	250 
9103	46 
9104	4 
9105	149 
9106	239 
9107	36 
9108	2 
9109	151 
9110	113 
9111	153 
9112	240 
9113	264 
9114	142 
9115	287 
9116	2 
9117	87 
9118	57 
9119	196 
9120	120 
9121	52 
9122	35 
9123	141 
9124	68 
9125	84 
9126	146 
9127	299 
9128	154 
9129	281 
9130	199 
9131	67 
9132	187 
9133	65 
9134	137 
9135	288 
9136	7 
9137	20 
9138	291 
9139	37 
9140	183 
9141	176 
9142	260 
9143	178 
9144	240 
9145	157 
9146	230 
9147	277 
9148	84 
9149	204 
9150	155 
9151	215 
9152	292 
9153	52 
9154	19 
9155	117 
9156	257 
9157	143 
9158	253 
9159	238 
9160	80 
9161	229 
9162	212 
9163	279 
9164	257 
9165	166 
9166	122 
9167	30 
9168	254 
9169	50 
9170	124 
9171	188 
9172	258 
9173	103 
9174	250 
9175	168 
9176	243 
9177	30 
9178	82 
9179	239 
9180	202 
9181	205 
9182	214 
9183	180 
9184	294 
9185	238 
9186	102 
9187	133 
9188	212 
9189	260 
9190	46 
9191	246 
9192	208 
9193	251 
9194	281 
9195	51 
9196	155 
9197	237 
9198	192 
9199	228 
9200	241 
9201	237 
9202	170 
9203	40 
9204	303 
9205	127 
9206	17 
9207	145 
9208	161 
9209	160 
9210	300 
9211	53 
9212	96 
9213	8 
9214	104 
9215	147 
9216	141 
9217	29 
9218	36 
9219	129 
9220	130 
9221	3 
9222	280 
9223	303 
9224	66 
9225	28 
9226	100 
9227	91 
9228	215 
9229	191 
9230	293 
9231	23 
9232	226 
9233	46 
9234	146 
9235	202 
9236	119 
9237	3 
9238	182 
9239	83 
9240	252 
9241	19 
9242	38 
9243	53 
9244	255 
9245	56 
9246	14 
9247	284 
9248	235 
9249	242 
9250	273 
9251	291 
9252	90 
9253	292 
9254	3 
9255	152 
9256	260 
9257	80 
9258	209 
9259	146 
9260	283 
9261	37 
9262	192 
9263	175 
9264	8 
9265	23 
9266	111 
9267	272 
9268	204 
9269	134 
9270	283 
9271	14 
9272	120 
9273	164 
9274	81 
9275	300 
9276	102 
9277	8 
9278	184 
9279	281 
9280	27 
9281	254 
9282	301 
9283	75 
9284	89 
9285	166 
9286	64 
9287	9 
9288	168 
9289	285 
9290	104 
9291	102 
9292	154 
9293	90 
9294	30 
9295	91 
9296	179 
9297	258 
9298	256 
9299	48 
9300	230 
9301	102 
9302	99 
9303	24 
9304	75 
9305	149 
9306	209 
9307	44 
9308	284 
9309	184 
9310	300 
9311	91 
9312	142 
9313	149 
9314	230 
9315	52 
9316	163 
9317	58 
9318	58 
9319	189 
9320	162 
9321	208 
9322	184 
9323	267 
9324	21 
9325	48 
9326	275 
9327	293 
9328	225 
9329	54 
9330	66 
9331	122 
9332	125 
9333	34 
9334	2 
9335	181 
9336	253 
9337	240 
9338	24 
9339	272 
9340	28 
9341	165 
9342	32 
9343	31 
9344	149 
9345	119 
9346	296 
9347	53 
9348	253 
9349	19 
9350	287 
9351	123 
9352	109 
9353	120 
9354	51 
9355	147 
9356	260 
9357	24 
9358	218 
9359	65 
9360	22 
9361	235 
9362	229 
9363	158 
9364	241 
9365	285 
9366	264 
9367	11 
9368	97 
9369	119 
9370	193 
9371	175 
9372	40 
9373	180 
9374	173 
9375	287 
9376	56 
9377	21 
9378	82 
9379	112 
9380	125 
9381	227 
9382	175 
9383	149 
9384	75 
9385	91 
9386	277 
9387	254 
9388	98 
9389	216 
9390	282 
9391	90 
9392	126 
9393	31 
9394	93 
9395	130 
9396	301 
9397	174 
9398	23 
9399	295 
9400	174 
9401	25 
9402	29 
9403	296 
9404	217 
9405	15 
9406	281 
9407	166 
9408	137 
9409	130 
9410	38 
9411	296 
9412	6 
9413	106 
9414	209 
9415	264 
9416	270 
9417	34 
9418	191 
9419	204 
9420	8 
9421	23 
9422	99 
9423	303 
9424	223 
9425	255 
9426	231 
9427	171 
9428	255 
9429	129 
9430	217 
9431	199 
9432	33 
9433	126 
9434	56 
9435	173 
9436	214 
9437	242 
9438	115 
9439	230 
9440	290 
9441	50 
9442	156 
9443	255 
9444	242 
9445	96 
9446	51 
9447	113 
9448	2 
9449	172 
9450	223 
9451	47 
9452	222 
9453	228 
9454	139 
9455	143 
9456	207 
9457	245 
9458	299 
9459	129 
9460	220 
9461	1 
9462	101 
9463	110 
9464	179 
9465	231 
9466	34 
9467	179 
9468	2 
9469	92 
9470	106 
9471	258 
9472	56 
9473	240 
9474	284 
9475	129 
9476	97 
9477	93 
9478	179 
9479	303 
9480	223 
9481	126 
9482	64 
9483	169 
9484	87 
9485	168 
9486	228 
9487	55 
9488	252 
9489	81 
9490	188 
9491	282 
9492	134 
9493	107 
9494	281 
9495	269 
9496	100 
9497	11 
9498	80 
9499	80 
9500	65 
9501	276 
9502	204 
9503	283 
9504	203 
9505	164 
9506	202 
9507	65 
9508	230 
9509	212 
9510	117 
9511	124 
9512	169 
9513	88 
9514	159 
9515	232 
9516	177 
9517	233 
9518	189 
9519	299 
9520	93 
9521	105 
9522	149 
9523	233 
9524	190 
9525	91 
9526	203 
9527	5 
9528	181 
9529	164 
9530	42 
9531	147 
9532	19 
9533	217 
9534	103 
9535	34 
9536	295 
9537	118 
9538	174 
9539	81 
9540	52 
9541	228 
9542	23 
9543	23 
9544	52 
9545	120 
9546	63 
9547	14 
9548	59 
9549	241 
9550	250 
9551	126 
9552	13 
9553	23 
9554	296 
9555	284 
9556	137 
9557	284 
9558	98 
9559	122 
9560	233 
9561	109 
9562	144 
9563	179 
9564	82 
9565	81 
9566	238 
9567	277 
9568	111 
9569	293 
9570	199 
9571	202 
9572	60 
9573	142 
9574	256 
9575	82 
9576	222 
9577	11 
9578	253 
9579	301 
9580	153 
9581	266 
9582	116 
9583	172 
9584	139 
9585	141 
9586	36 
9587	12 
9588	237 
9589	152 
9590	6 
9591	61 
9592	201 
9593	61 
9594	99 
9595	109 
9596	172 
9597	229 
9598	98 
9599	121 
9600	290 
9601	75 
9602	38 
9603	24 
9604	61 
9605	188 
9606	266 
9607	118 
9608	192 
9609	244 
9610	237 
9611	227 
9612	211 
9613	145 
9614	55 
9615	214 
9616	183 
9617	227 
9618	36 
9619	117 
9620	98 
9621	93 
9622	211 
9623	256 
9624	129 
9625	53 
9626	125 
9627	269 
9628	149 
9629	23 
9630	287 
9631	52 
9632	7 
9633	267 
9634	52 
9635	202 
9636	8 
9637	262 
9638	252 
9639	104 
9640	294 
9641	9 
9642	171 
9643	88 
9644	42 
9645	266 
9646	54 
9647	221 
9648	75 
9649	238 
9650	53 
9651	286 
9652	184 
9653	196 
9654	290 
9655	299 
9656	24 
9657	196 
9658	233 
9659	13 
9660	258 
9661	29 
9662	295 
9663	231 
9664	283 
9665	260 
9666	129 
9667	303 
9668	256 
9669	279 
9670	31 
9671	30 
9672	205 
9673	74 
9674	81 
9675	303 
9676	63 
9677	270 
9678	125 
9679	25 
9680	24 
9681	220 
9682	42 
9683	250 
9684	262 
9685	71 
9686	270 
9687	253 
9688	287 
9689	133 
9690	64 
9691	199 
9692	147 
9693	302 
9694	186 
9695	248 
9696	92 
9697	31 
9698	107 
9699	210 
9700	290 
9701	233 
9702	202 
9703	160 
9704	291 
9705	111 
9706	222 
9707	20 
9708	214 
9709	20 
9710	86 
9711	258 
9712	99 
9713	89 
9714	264 
9715	148 
9716	182 
9717	13 
9718	145 
9719	23 
9720	15 
9721	202 
9722	168 
9723	164 
9724	25 
9725	295 
9726	248 
9727	253 
9728	36 
9729	166 
9730	245 
9731	97 
9732	241 
9733	46 
9734	257 
9735	19 
9736	142 
9737	160 
9738	207 
9739	71 
9740	231 
9741	141 
9742	53 
9743	125 
9744	245 
9745	216 
9746	9 
9747	97 
9748	179 
9749	79 
9750	56 
9751	201 
9752	254 
9753	110 
9754	268 
9755	127 
9756	154 
9757	27 
9758	262 
9759	247 
9760	72 
9761	214 
9762	216 
9763	188 
9764	31 
9765	244 
9766	53 
9767	90 
9768	271 
9769	101 
9770	212 
9771	17 
9772	80 
9773	24 
9774	19 
9775	239 
9776	90 
9777	33 
9778	41 
9779	224 
9780	254 
9781	9 
9782	276 
9783	272 
9784	196 
9785	205 
9786	164 
9787	92 
9788	113 
9789	84 
9790	225 
9791	2 
9792	174 
9793	88 
9794	129 
9795	86 
9796	291 
9797	166 
9798	28 
9799	226 
9800	142 
9801	242 
9802	181 
9803	254 
9804	199 
9805	83 
9806	210 
9807	56 
9808	193 
9809	48 
9810	291 
9811	24 
9812	180 
9813	301 
9814	224 
9815	153 
9816	303 
9817	93 
9818	87 
9819	20 
9820	293 
9821	290 
9822	234 
9823	286 
9824	148 
9825	172 
9826	76 
9827	4 
9828	190 
9829	197 
9830	92 
9831	55 
9832	148 
9833	83 
9834	197 
9835	186 
9836	53 
9837	169 
9838	216 
9839	293 
9840	233 
9841	186 
9842	104 
9843	160 
9844	262 
9845	20 
9846	300 
9847	95 
9848	167 
9849	272 
9850	181 
9851	276 
9852	20 
9853	224 
9854	272 
9855	271 
9856	109 
9857	293 
9858	285 
9859	31 
9860	290 
9861	212 
9862	172 
9863	31 
9864	119 
9865	238 
9866	235 
9867	301 
9868	238 
9869	126 
9870	89 
9871	171 
9872	235 
9873	273 
9874	253 
9875	201 
9876	153 
9877	121 
9878	12 
9879	61 
9880	209 
9881	133 
9882	110 
9883	269 
9884	248 
9885	233 
9886	240 
9887	30 
9888	197 
9889	162 
9890	260 
9891	268 
9892	209 
9893	238 
9894	214 
9895	50 
9896	302 
9897	280 
9898	14 
9899	301 
9900	197 
9901	184 
9902	301 
9903	101 
9904	82 
9905	99 
9906	256 
9907	232 
9908	183 
9909	290 
9910	209 
9911	256 
9912	35 
9913	42 
9914	168 
9915	111 
9916	168 
9917	160 
9918	125 
9919	145 
9920	295 
9921	240 
9922	44 
9923	51 
9924	240 
9925	111 
9926	134 
9927	277 
9928	174 
9929	162 
9930	97 
9931	133 
9932	82 
9933	178 
9934	153 
9935	41 
9936	209 
9937	90 
9938	121 
9939	298 
9940	113 
9941	41 
9942	270 
9943	11 
9944	188 
9945	72 
9946	104 
9947	83 
9948	105 
9949	181 
9950	139 
9951	293 
9952	36 
9953	33 
9954	28 
9955	27 
9956	279 
9957	22 
9958	177 
9959	141 
9960	29 
9961	165 
9962	138 
9963	277 
9964	73 
9965	302 
9966	241 
9967	281 
9968	218 
9969	303 
9970	291 
9971	269 
9972	228 
9973	258 
9974	229 
9975	176 
9976	217 
9977	166 
9978	89 
9979	101 
9980	19 
9981	73 
9982	21 
9983	11 
9984	138 
9985	116 
9986	72 
9987	179 
9988	151 
9989	90 
9990	285 
9991	247 
9992	248 
9993	285 
9994	121 
9995	53 
9996	258 
9997	209 
9998	199 
9999	141 
10000	149 
