1	66 
2	130 
3	16 
4	95 
5	11 
6	3 
7	109 
8	31 
9	31 
10	45 
11	147 
12	118 
13	35 
14	53 
15	48 
16	8 
17	79 
18	124 
19	35 
20	147 
21	5 
22	125 
23	115 
24	56 
25	131 
26	34 
27	70 
28	80 
29	48 
30	19 
31	127 
32	146 
33	135 
34	155 
35	7 
36	56 
37	5 
38	110 
39	21 
40	95 
41	83 
42	77 
43	123 
44	99 
45	92 
46	105 
47	3 
48	126 
49	69 
50	46 
51	99 
52	44 
53	15 
54	135 
55	14 
56	90 
57	80 
58	96 
59	110 
60	126 
61	19 
62	37 
63	28 
64	22 
65	143 
66	107 
67	80 
68	34 
69	147 
70	99 
71	104 
72	128 
73	102 
74	98 
75	143 
76	13 
77	129 
78	126 
79	139 
80	11 
81	58 
82	85 
83	129 
84	119 
85	35 
86	29 
87	145 
88	45 
89	97 
90	121 
91	17 
92	39 
93	101 
94	127 
95	32 
96	71 
97	63 
98	130 
99	15 
100	124 
101	38 
102	21 
103	21 
104	137 
105	2 
106	8 
107	125 
108	9 
109	14 
110	50 
111	19 
112	123 
113	145 
114	115 
115	154 
116	150 
117	103 
118	115 
119	121 
120	73 
121	107 
122	154 
123	125 
124	20 
125	48 
126	122 
127	149 
128	46 
129	50 
130	39 
131	90 
132	147 
133	12 
134	141 
135	2 
136	136 
137	92 
138	13 
139	4 
140	142 
141	57 
142	136 
143	23 
144	13 
145	79 
146	81 
147	44 
148	153 
149	103 
150	85 
151	139 
152	57 
153	47 
154	97 
155	115 
156	47 
157	67 
158	30 
159	129 
160	124 
161	153 
162	64 
163	140 
164	66 
165	12 
166	53 
167	24 
168	38 
169	79 
170	106 
171	151 
172	140 
173	6 
174	130 
175	88 
176	76 
177	93 
178	46 
179	118 
180	20 
181	119 
182	26 
183	3 
184	2 
185	83 
186	115 
187	142 
188	54 
189	137 
190	13 
191	112 
192	58 
193	7 
194	107 
195	115 
196	2 
197	81 
198	85 
199	121 
200	43 
201	58 
202	123 
203	139 
204	69 
205	151 
206	132 
207	144 
208	59 
209	30 
210	105 
211	61 
212	64 
213	56 
214	125 
215	62 
216	45 
217	53 
218	27 
219	95 
220	86 
221	110 
222	122 
223	20 
224	56 
225	21 
226	68 
227	78 
228	133 
229	90 
230	137 
231	49 
232	118 
233	114 
234	141 
235	99 
236	81 
237	126 
238	128 
239	113 
240	66 
241	74 
242	154 
243	107 
244	74 
245	128 
246	28 
247	34 
248	98 
249	19 
250	103 
251	87 
252	122 
253	16 
254	31 
255	72 
256	68 
257	104 
258	92 
259	109 
260	52 
261	140 
262	56 
263	136 
264	137 
265	115 
266	48 
267	69 
268	59 
269	34 
270	92 
271	80 
272	23 
273	85 
274	147 
275	76 
276	122 
277	134 
278	34 
279	45 
280	53 
281	30 
282	25 
283	15 
284	46 
285	46 
286	45 
287	26 
288	74 
289	137 
290	24 
291	67 
292	37 
293	74 
294	36 
295	30 
296	136 
297	152 
298	15 
299	2 
300	55 
301	35 
302	137 
303	85 
304	142 
305	19 
306	80 
307	54 
308	78 
309	140 
310	104 
311	102 
312	121 
313	94 
314	82 
315	146 
316	138 
317	119 
318	139 
319	38 
320	118 
321	65 
322	35 
323	14 
324	13 
325	13 
326	46 
327	117 
328	56 
329	97 
330	70 
331	43 
332	122 
333	126 
334	133 
335	57 
336	41 
337	1 
338	22 
339	55 
340	134 
341	62 
342	20 
343	150 
344	115 
345	120 
346	33 
347	60 
348	124 
349	66 
350	64 
351	110 
352	123 
353	92 
354	34 
355	13 
356	126 
357	110 
358	16 
359	82 
360	1 
361	123 
362	31 
363	82 
364	76 
365	54 
366	31 
367	73 
368	131 
369	155 
370	53 
371	39 
372	50 
373	75 
374	15 
375	21 
376	53 
377	154 
378	154 
379	151 
380	46 
381	72 
382	99 
383	5 
384	118 
385	139 
386	72 
387	45 
388	118 
389	28 
390	136 
391	48 
392	150 
393	30 
394	22 
395	131 
396	142 
397	120 
398	76 
399	91 
400	71 
401	55 
402	122 
403	141 
404	87 
405	149 
406	145 
407	140 
408	11 
409	55 
410	39 
411	55 
412	9 
413	28 
414	140 
415	90 
416	106 
417	27 
418	61 
419	95 
420	9 
421	57 
422	105 
423	48 
424	138 
425	92 
426	66 
427	67 
428	20 
429	115 
430	35 
431	72 
432	116 
433	144 
434	89 
435	21 
436	21 
437	27 
438	32 
439	116 
440	126 
441	112 
442	37 
443	66 
444	110 
445	51 
446	64 
447	44 
448	65 
449	63 
450	62 
451	41 
452	108 
453	40 
454	134 
455	39 
456	61 
457	112 
458	79 
459	121 
460	30 
461	56 
462	151 
463	61 
464	88 
465	34 
466	106 
467	56 
468	2 
469	103 
470	42 
471	154 
472	131 
473	109 
474	87 
475	65 
476	83 
477	112 
478	58 
479	155 
480	56 
481	30 
482	13 
483	141 
484	52 
485	129 
486	97 
487	24 
488	83 
489	106 
490	71 
491	51 
492	61 
493	14 
494	147 
495	54 
496	84 
497	22 
498	148 
499	13 
500	42 
501	100 
502	142 
503	21 
504	154 
505	40 
506	122 
507	3 
508	7 
509	46 
510	39 
511	113 
512	75 
513	50 
514	95 
515	130 
516	31 
517	79 
518	74 
519	36 
520	6 
521	145 
522	72 
523	52 
524	120 
525	56 
526	39 
527	5 
528	69 
529	35 
530	106 
531	150 
532	89 
533	28 
534	56 
535	145 
536	29 
537	146 
538	1 
539	141 
540	128 
541	90 
542	121 
543	45 
544	115 
545	40 
546	55 
547	20 
548	16 
549	43 
550	37 
551	132 
552	126 
553	88 
554	63 
555	2 
556	118 
557	154 
558	134 
559	141 
560	91 
561	154 
562	122 
563	91 
564	81 
565	30 
566	3 
567	57 
568	30 
569	4 
570	144 
571	101 
572	90 
573	105 
574	70 
575	66 
576	111 
577	144 
578	88 
579	148 
580	119 
581	7 
582	125 
583	13 
584	129 
585	6 
586	51 
587	139 
588	20 
589	34 
590	23 
591	45 
592	13 
593	80 
594	107 
595	92 
596	70 
597	97 
598	57 
599	100 
600	104 
601	55 
602	29 
603	43 
604	71 
605	47 
606	28 
607	100 
608	102 
609	38 
610	71 
611	107 
612	44 
613	126 
614	17 
615	61 
616	34 
617	46 
618	110 
619	129 
620	80 
621	106 
622	142 
623	124 
624	130 
625	10 
626	45 
627	27 
628	80 
629	88 
630	38 
631	103 
632	98 
633	3 
634	49 
635	52 
636	74 
637	13 
638	19 
639	135 
640	117 
641	24 
642	141 
643	12 
644	121 
645	60 
646	49 
647	58 
648	49 
649	150 
650	136 
651	56 
652	60 
653	73 
654	96 
655	124 
656	41 
657	65 
658	118 
659	142 
660	84 
661	33 
662	64 
663	84 
664	53 
665	133 
666	105 
667	11 
668	126 
669	150 
670	124 
671	9 
672	31 
673	114 
674	2 
675	88 
676	7 
677	69 
678	81 
679	141 
680	107 
681	106 
682	10 
683	5 
684	49 
685	67 
686	87 
687	32 
688	142 
689	101 
690	108 
691	50 
692	104 
693	18 
694	136 
695	59 
696	139 
697	110 
698	64 
699	42 
700	100 
701	28 
702	19 
703	90 
704	11 
705	138 
706	126 
707	59 
708	79 
709	58 
710	69 
711	30 
712	40 
713	74 
714	17 
715	29 
716	80 
717	35 
718	5 
719	22 
720	56 
721	124 
722	35 
723	69 
724	59 
725	42 
726	15 
727	114 
728	24 
729	148 
730	126 
731	35 
732	7 
733	12 
734	33 
735	116 
736	2 
737	54 
738	86 
739	112 
740	118 
741	76 
742	61 
743	56 
744	104 
745	108 
746	144 
747	142 
748	14 
749	13 
750	48 
751	34 
752	85 
753	117 
754	141 
755	121 
756	112 
757	58 
758	147 
759	120 
760	75 
761	118 
762	69 
763	145 
764	61 
765	122 
766	25 
767	89 
768	15 
769	101 
770	117 
771	107 
772	60 
773	115 
774	42 
775	136 
776	128 
777	142 
778	112 
779	131 
780	135 
781	63 
782	50 
783	14 
784	93 
785	155 
786	149 
787	43 
788	63 
789	76 
790	128 
791	59 
792	69 
793	11 
794	102 
795	141 
796	53 
797	6 
798	45 
799	71 
800	26 
801	136 
802	92 
803	2 
804	54 
805	133 
806	31 
807	137 
808	60 
809	69 
810	31 
811	37 
812	47 
813	150 
814	58 
815	31 
816	114 
817	125 
818	149 
819	124 
820	74 
821	31 
822	83 
823	154 
824	129 
825	41 
826	105 
827	6 
828	75 
829	137 
830	62 
831	91 
832	97 
833	136 
834	10 
835	103 
836	45 
837	146 
838	67 
839	48 
840	43 
841	119 
842	103 
843	75 
844	133 
845	136 
846	61 
847	136 
848	96 
849	12 
850	77 
851	72 
852	7 
853	146 
854	31 
855	131 
856	154 
857	27 
858	85 
859	71 
860	57 
861	12 
862	47 
863	90 
864	18 
865	145 
866	147 
867	64 
868	81 
869	63 
870	129 
871	14 
872	124 
873	139 
874	100 
875	145 
876	132 
877	43 
878	56 
879	7 
880	90 
881	17 
882	18 
883	50 
884	68 
885	112 
886	43 
887	34 
888	136 
889	132 
890	56 
891	104 
892	33 
893	22 
894	9 
895	127 
896	22 
897	137 
898	66 
899	68 
900	17 
901	17 
902	16 
903	85 
904	103 
905	1 
906	88 
907	92 
908	55 
909	79 
910	80 
911	52 
912	113 
913	84 
914	128 
915	59 
916	41 
917	63 
918	93 
919	24 
920	116 
921	57 
922	103 
923	86 
924	18 
925	88 
926	68 
927	152 
928	109 
929	16 
930	9 
931	38 
932	5 
933	129 
934	130 
935	85 
936	46 
937	101 
938	9 
939	119 
940	77 
941	122 
942	34 
943	115 
944	144 
945	115 
946	102 
947	126 
948	17 
949	61 
950	110 
951	133 
952	83 
953	113 
954	75 
955	55 
956	42 
957	30 
958	109 
959	125 
960	125 
961	43 
962	105 
963	152 
964	130 
965	22 
966	107 
967	29 
968	46 
969	75 
970	118 
971	128 
972	151 
973	126 
974	60 
975	62 
976	13 
977	67 
978	39 
979	153 
980	43 
981	15 
982	48 
983	26 
984	143 
985	83 
986	35 
987	107 
988	122 
989	24 
990	120 
991	146 
992	34 
993	6 
994	88 
995	111 
996	100 
997	86 
998	54 
999	49 
1000	139 
1001	138 
1002	87 
1003	149 
1004	16 
1005	102 
1006	82 
1007	107 
1008	136 
1009	96 
1010	82 
1011	59 
1012	141 
1013	146 
1014	19 
1015	10 
1016	87 
1017	105 
1018	38 
1019	122 
1020	143 
1021	36 
1022	112 
1023	84 
1024	106 
1025	45 
1026	72 
1027	123 
1028	51 
1029	1 
1030	18 
1031	110 
1032	50 
1033	134 
1034	56 
1035	74 
1036	27 
1037	116 
1038	112 
1039	32 
1040	6 
1041	136 
1042	118 
1043	27 
1044	105 
1045	56 
1046	85 
1047	133 
1048	50 
1049	28 
1050	143 
1051	44 
1052	92 
1053	149 
1054	152 
1055	46 
1056	8 
1057	92 
1058	69 
1059	124 
1060	34 
1061	118 
1062	114 
1063	61 
1064	21 
1065	83 
1066	38 
1067	77 
1068	147 
1069	110 
1070	84 
1071	75 
1072	108 
1073	76 
1074	120 
1075	129 
1076	41 
1077	38 
1078	147 
1079	18 
1080	110 
1081	136 
1082	151 
1083	58 
1084	131 
1085	53 
1086	83 
1087	54 
1088	60 
1089	135 
1090	50 
1091	23 
1092	51 
1093	109 
1094	27 
1095	133 
1096	55 
1097	83 
1098	1 
1099	18 
1100	15 
1101	94 
1102	112 
1103	16 
1104	84 
1105	81 
1106	146 
1107	121 
1108	94 
1109	66 
1110	153 
1111	130 
1112	54 
1113	85 
1114	105 
1115	21 
1116	89 
1117	93 
1118	96 
1119	29 
1120	142 
1121	92 
1122	81 
1123	53 
1124	31 
1125	98 
1126	58 
1127	26 
1128	150 
1129	61 
1130	130 
1131	36 
1132	127 
1133	41 
1134	85 
1135	8 
1136	95 
1137	142 
1138	2 
1139	146 
1140	137 
1141	94 
1142	56 
1143	11 
1144	136 
1145	87 
1146	151 
1147	129 
1148	132 
1149	21 
1150	141 
1151	125 
1152	100 
1153	120 
1154	150 
1155	8 
1156	11 
1157	149 
1158	112 
1159	2 
1160	61 
1161	144 
1162	121 
1163	141 
1164	118 
1165	21 
1166	47 
1167	50 
1168	71 
1169	83 
1170	140 
1171	146 
1172	39 
1173	146 
1174	7 
1175	35 
1176	90 
1177	49 
1178	85 
1179	59 
1180	113 
1181	82 
1182	60 
1183	6 
1184	42 
1185	43 
1186	45 
1187	132 
1188	31 
1189	71 
1190	53 
1191	47 
1192	66 
1193	46 
1194	56 
1195	76 
1196	13 
1197	33 
1198	123 
1199	104 
1200	17 
1201	106 
1202	114 
1203	72 
1204	98 
1205	103 
1206	145 
1207	56 
1208	35 
1209	47 
1210	101 
1211	146 
1212	150 
1213	76 
1214	72 
1215	66 
1216	11 
1217	38 
1218	21 
1219	31 
1220	16 
1221	43 
1222	74 
1223	147 
1224	41 
1225	97 
1226	155 
1227	76 
1228	121 
1229	25 
1230	102 
1231	127 
1232	136 
1233	56 
1234	99 
1235	11 
1236	62 
1237	154 
1238	106 
1239	61 
1240	19 
1241	38 
1242	21 
1243	146 
1244	126 
1245	77 
1246	115 
1247	82 
1248	2 
1249	110 
1250	22 
1251	153 
1252	70 
1253	53 
1254	93 
1255	72 
1256	149 
1257	43 
1258	47 
1259	15 
1260	3 
1261	45 
1262	18 
1263	84 
1264	102 
1265	27 
1266	143 
1267	4 
1268	103 
1269	63 
1270	144 
1271	28 
1272	32 
1273	105 
1274	126 
1275	111 
1276	116 
1277	119 
1278	58 
1279	113 
1280	99 
1281	44 
1282	154 
1283	82 
1284	96 
1285	8 
1286	15 
1287	144 
1288	66 
1289	75 
1290	146 
1291	8 
1292	141 
1293	28 
1294	65 
1295	9 
1296	15 
1297	103 
1298	39 
1299	131 
1300	60 
1301	115 
1302	88 
1303	133 
1304	129 
1305	149 
1306	110 
1307	50 
1308	71 
1309	91 
1310	137 
1311	60 
1312	85 
1313	30 
1314	118 
1315	45 
1316	5 
1317	60 
1318	121 
1319	138 
1320	45 
1321	1 
1322	83 
1323	98 
1324	59 
1325	149 
1326	118 
1327	101 
1328	137 
1329	81 
1330	47 
1331	137 
1332	87 
1333	140 
1334	60 
1335	19 
1336	123 
1337	131 
1338	66 
1339	21 
1340	71 
1341	16 
1342	102 
1343	102 
1344	89 
1345	141 
1346	99 
1347	90 
1348	32 
1349	63 
1350	148 
1351	16 
1352	155 
1353	33 
1354	132 
1355	152 
1356	35 
1357	105 
1358	55 
1359	143 
1360	58 
1361	51 
1362	34 
1363	140 
1364	58 
1365	62 
1366	105 
1367	80 
1368	82 
1369	135 
1370	155 
1371	105 
1372	149 
1373	73 
1374	133 
1375	53 
1376	78 
1377	76 
1378	34 
1379	76 
1380	47 
1381	134 
1382	94 
1383	17 
1384	88 
1385	47 
1386	134 
1387	38 
1388	15 
1389	31 
1390	38 
1391	91 
1392	136 
1393	64 
1394	7 
1395	95 
1396	17 
1397	85 
1398	90 
1399	14 
1400	52 
1401	50 
1402	1 
1403	130 
1404	5 
1405	84 
1406	84 
1407	83 
1408	131 
1409	52 
1410	31 
1411	6 
1412	18 
1413	73 
1414	46 
1415	108 
1416	91 
1417	59 
1418	140 
1419	81 
1420	60 
1421	88 
1422	136 
1423	56 
1424	65 
1425	9 
1426	122 
1427	64 
1428	52 
1429	90 
1430	60 
1431	43 
1432	51 
1433	131 
1434	11 
1435	85 
1436	54 
1437	142 
1438	63 
1439	105 
1440	103 
1441	56 
1442	109 
1443	126 
1444	85 
1445	81 
1446	131 
1447	123 
1448	22 
1449	46 
1450	139 
1451	149 
1452	120 
1453	7 
1454	113 
1455	6 
1456	15 
1457	102 
1458	6 
1459	46 
1460	41 
1461	75 
1462	154 
1463	126 
1464	80 
1465	142 
1466	23 
1467	124 
1468	128 
1469	93 
1470	84 
1471	15 
1472	11 
1473	122 
1474	58 
1475	14 
1476	83 
1477	67 
1478	108 
1479	142 
1480	102 
1481	36 
1482	74 
1483	24 
1484	152 
1485	108 
1486	32 
1487	39 
1488	85 
1489	106 
1490	39 
1491	94 
1492	31 
1493	116 
1494	89 
1495	17 
1496	34 
1497	55 
1498	48 
1499	76 
1500	84 
1501	151 
1502	14 
1503	150 
1504	40 
1505	54 
1506	72 
1507	89 
1508	103 
1509	102 
1510	112 
1511	134 
1512	45 
1513	88 
1514	65 
1515	41 
1516	55 
1517	23 
1518	78 
1519	56 
1520	45 
1521	16 
1522	145 
1523	28 
1524	71 
1525	14 
1526	140 
1527	84 
1528	78 
1529	131 
1530	16 
1531	63 
1532	142 
1533	115 
1534	63 
1535	46 
1536	115 
1537	83 
1538	25 
1539	17 
1540	44 
1541	131 
1542	83 
1543	146 
1544	138 
1545	62 
1546	7 
1547	13 
1548	73 
1549	66 
1550	89 
1551	68 
1552	134 
1553	138 
1554	55 
1555	38 
1556	31 
1557	96 
1558	52 
1559	41 
1560	72 
1561	138 
1562	19 
1563	92 
1564	124 
1565	78 
1566	21 
1567	43 
1568	115 
1569	49 
1570	16 
1571	67 
1572	151 
1573	8 
1574	70 
1575	2 
1576	97 
1577	104 
1578	153 
1579	95 
1580	155 
1581	81 
1582	27 
1583	70 
1584	24 
1585	61 
1586	46 
1587	91 
1588	6 
1589	85 
1590	133 
1591	82 
1592	14 
1593	128 
1594	111 
1595	87 
1596	117 
1597	103 
1598	30 
1599	57 
1600	139 
1601	138 
1602	45 
1603	122 
1604	102 
1605	17 
1606	5 
1607	85 
1608	118 
1609	71 
1610	138 
1611	30 
1612	92 
1613	55 
1614	94 
1615	124 
1616	117 
1617	8 
1618	21 
1619	28 
1620	124 
1621	46 
1622	134 
1623	34 
1624	113 
1625	35 
1626	81 
1627	78 
1628	90 
1629	21 
1630	56 
1631	52 
1632	43 
1633	5 
1634	81 
1635	30 
1636	72 
1637	125 
1638	141 
1639	5 
1640	136 
1641	137 
1642	19 
1643	148 
1644	149 
1645	128 
1646	58 
1647	92 
1648	81 
1649	112 
1650	64 
1651	74 
1652	26 
1653	16 
1654	59 
1655	65 
1656	84 
1657	32 
1658	83 
1659	145 
1660	101 
1661	108 
1662	30 
1663	108 
1664	118 
1665	113 
1666	31 
1667	113 
1668	27 
1669	105 
1670	138 
1671	26 
1672	68 
1673	124 
1674	107 
1675	52 
1676	12 
1677	28 
1678	63 
1679	142 
1680	36 
1681	143 
1682	146 
1683	11 
1684	13 
1685	53 
1686	103 
1687	70 
1688	138 
1689	22 
1690	18 
1691	27 
1692	128 
1693	64 
1694	15 
1695	146 
1696	78 
1697	102 
1698	147 
1699	34 
1700	37 
1701	15 
1702	55 
1703	4 
1704	72 
1705	150 
1706	33 
1707	155 
1708	108 
1709	121 
1710	7 
1711	21 
1712	90 
1713	148 
1714	146 
1715	151 
1716	80 
1717	16 
1718	17 
1719	13 
1720	136 
1721	53 
1722	67 
1723	139 
1724	101 
1725	35 
1726	124 
1727	23 
1728	96 
1729	141 
1730	40 
1731	5 
1732	54 
1733	2 
1734	60 
1735	69 
1736	67 
1737	117 
1738	142 
1739	69 
1740	52 
1741	72 
1742	152 
1743	85 
1744	113 
1745	110 
1746	80 
1747	52 
1748	118 
1749	58 
1750	36 
1751	45 
1752	103 
1753	34 
1754	51 
1755	85 
1756	62 
1757	104 
1758	18 
1759	152 
1760	2 
1761	14 
1762	108 
1763	69 
1764	11 
1765	74 
1766	52 
1767	26 
1768	45 
1769	97 
1770	91 
1771	59 
1772	16 
1773	55 
1774	136 
1775	97 
1776	23 
1777	77 
1778	89 
1779	46 
1780	73 
1781	132 
1782	33 
1783	154 
1784	116 
1785	129 
1786	131 
1787	129 
1788	115 
1789	82 
1790	114 
1791	63 
1792	92 
1793	53 
1794	80 
1795	84 
1796	69 
1797	129 
1798	135 
1799	38 
1800	34 
1801	121 
1802	142 
1803	153 
1804	81 
1805	18 
1806	84 
1807	45 
1808	80 
1809	31 
1810	82 
1811	89 
1812	148 
1813	121 
1814	50 
1815	21 
1816	58 
1817	34 
1818	2 
1819	100 
1820	7 
1821	21 
1822	30 
1823	58 
1824	83 
1825	75 
1826	136 
1827	115 
1828	31 
1829	98 
1830	115 
1831	73 
1832	115 
1833	154 
1834	116 
1835	57 
1836	125 
1837	17 
1838	47 
1839	41 
1840	155 
1841	12 
1842	77 
1843	154 
1844	93 
1845	65 
1846	95 
1847	33 
1848	91 
1849	96 
1850	60 
1851	51 
1852	88 
1853	59 
1854	86 
1855	107 
1856	29 
1857	47 
1858	151 
1859	9 
1860	34 
1861	56 
1862	49 
1863	82 
1864	76 
1865	19 
1866	121 
1867	41 
1868	84 
1869	55 
1870	25 
1871	83 
1872	88 
1873	45 
1874	114 
1875	2 
1876	71 
1877	53 
1878	19 
1879	103 
1880	75 
1881	34 
1882	63 
1883	150 
1884	48 
1885	61 
1886	1 
1887	68 
1888	45 
1889	7 
1890	112 
1891	75 
1892	102 
1893	56 
1894	59 
1895	19 
1896	17 
1897	122 
1898	137 
1899	131 
1900	71 
1901	38 
1902	21 
1903	128 
1904	9 
1905	44 
1906	8 
1907	71 
1908	32 
1909	34 
1910	53 
1911	91 
1912	55 
1913	129 
1914	7 
1915	142 
1916	56 
1917	52 
1918	55 
1919	131 
1920	103 
1921	80 
1922	16 
1923	141 
1924	51 
1925	51 
1926	129 
1927	88 
1928	149 
1929	66 
1930	13 
1931	61 
1932	130 
1933	117 
1934	143 
1935	153 
1936	129 
1937	51 
1938	140 
1939	64 
1940	115 
1941	43 
1942	142 
1943	39 
1944	95 
1945	42 
1946	3 
1947	73 
1948	8 
1949	47 
1950	104 
1951	63 
1952	124 
1953	38 
1954	89 
1955	25 
1956	65 
1957	38 
1958	107 
1959	58 
1960	83 
1961	17 
1962	79 
1963	41 
1964	89 
1965	104 
1966	62 
1967	93 
1968	146 
1969	10 
1970	153 
1971	71 
1972	139 
1973	54 
1974	10 
1975	104 
1976	92 
1977	102 
1978	150 
1979	72 
1980	21 
1981	82 
1982	52 
1983	15 
1984	21 
1985	94 
1986	140 
1987	74 
1988	109 
1989	111 
1990	87 
1991	17 
1992	61 
1993	13 
1994	74 
1995	7 
1996	110 
1997	18 
1998	42 
1999	117 
2000	24 
2001	83 
2002	4 
2003	76 
2004	8 
2005	54 
2006	9 
2007	80 
2008	123 
2009	80 
2010	70 
2011	39 
2012	126 
2013	127 
2014	61 
2015	5 
2016	61 
2017	112 
2018	47 
2019	44 
2020	57 
2021	129 
2022	129 
2023	116 
2024	71 
2025	91 
2026	34 
2027	41 
2028	4 
2029	62 
2030	47 
2031	118 
2032	85 
2033	80 
2034	142 
2035	126 
2036	57 
2037	19 
2038	3 
2039	54 
2040	123 
2041	148 
2042	29 
2043	10 
2044	128 
2045	38 
2046	52 
2047	110 
2048	17 
2049	54 
2050	141 
2051	80 
2052	72 
2053	99 
2054	138 
2055	110 
2056	58 
2057	44 
2058	155 
2059	91 
2060	71 
2061	109 
2062	13 
2063	85 
2064	53 
2065	116 
2066	34 
2067	41 
2068	31 
2069	112 
2070	146 
2071	118 
2072	75 
2073	46 
2074	30 
2075	60 
2076	125 
2077	46 
2078	3 
2079	61 
2080	49 
2081	49 
2082	84 
2083	68 
2084	51 
2085	1 
2086	19 
2087	19 
2088	137 
2089	61 
2090	71 
2091	55 
2092	115 
2093	3 
2094	116 
2095	117 
2096	18 
2097	147 
2098	85 
2099	139 
2100	146 
2101	131 
2102	121 
2103	85 
2104	101 
2105	134 
2106	90 
2107	138 
2108	38 
2109	129 
2110	84 
2111	75 
2112	11 
2113	147 
2114	90 
2115	87 
2116	108 
2117	52 
2118	131 
2119	50 
2120	70 
2121	12 
2122	91 
2123	102 
2124	79 
2125	17 
2126	82 
2127	43 
2128	50 
2129	65 
2130	107 
2131	38 
2132	56 
2133	10 
2134	85 
2135	7 
2136	119 
2137	27 
2138	136 
2139	68 
2140	41 
2141	16 
2142	15 
2143	68 
2144	44 
2145	155 
2146	130 
2147	149 
2148	104 
2149	75 
2150	148 
2151	40 
2152	128 
2153	114 
2154	117 
2155	132 
2156	75 
2157	140 
2158	58 
2159	152 
2160	123 
2161	113 
2162	29 
2163	61 
2164	43 
2165	64 
2166	84 
2167	130 
2168	55 
2169	36 
2170	122 
2171	121 
2172	130 
2173	9 
2174	20 
2175	1 
2176	64 
2177	66 
2178	104 
2179	23 
2180	28 
2181	107 
2182	155 
2183	46 
2184	129 
2185	45 
2186	35 
2187	45 
2188	140 
2189	19 
2190	127 
2191	103 
2192	110 
2193	110 
2194	20 
2195	120 
2196	44 
2197	15 
2198	7 
2199	74 
2200	61 
2201	97 
2202	71 
2203	45 
2204	116 
2205	84 
2206	139 
2207	29 
2208	38 
2209	83 
2210	65 
2211	127 
2212	147 
2213	85 
2214	122 
2215	112 
2216	92 
2217	84 
2218	97 
2219	122 
2220	120 
2221	38 
2222	63 
2223	91 
2224	48 
2225	137 
2226	40 
2227	44 
2228	119 
2229	136 
2230	89 
2231	30 
2232	51 
2233	96 
2234	107 
2235	61 
2236	9 
2237	1 
2238	88 
2239	121 
2240	113 
2241	47 
2242	145 
2243	79 
2244	8 
2245	79 
2246	123 
2247	56 
2248	95 
2249	134 
2250	95 
2251	89 
2252	125 
2253	14 
2254	117 
2255	2 
2256	127 
2257	136 
2258	132 
2259	123 
2260	64 
2261	53 
2262	42 
2263	17 
2264	55 
2265	49 
2266	117 
2267	86 
2268	62 
2269	131 
2270	140 
2271	121 
2272	120 
2273	85 
2274	69 
2275	101 
2276	127 
2277	26 
2278	96 
2279	64 
2280	75 
2281	6 
2282	137 
2283	117 
2284	21 
2285	23 
2286	13 
2287	34 
2288	94 
2289	6 
2290	130 
2291	111 
2292	149 
2293	152 
2294	51 
2295	50 
2296	57 
2297	18 
2298	133 
2299	121 
2300	116 
2301	94 
2302	31 
2303	121 
2304	147 
2305	21 
2306	22 
2307	87 
2308	81 
2309	136 
2310	26 
2311	140 
2312	33 
2313	121 
2314	37 
2315	90 
2316	72 
2317	139 
2318	46 
2319	66 
2320	109 
2321	28 
2322	114 
2323	81 
2324	39 
2325	45 
2326	59 
2327	36 
2328	110 
2329	95 
2330	130 
2331	10 
2332	67 
2333	99 
2334	122 
2335	99 
2336	114 
2337	44 
2338	43 
2339	69 
2340	146 
2341	88 
2342	138 
2343	146 
2344	118 
2345	48 
2346	3 
2347	97 
2348	103 
2349	131 
2350	98 
2351	123 
2352	137 
2353	6 
2354	138 
2355	4 
2356	147 
2357	151 
2358	17 
2359	139 
2360	69 
2361	10 
2362	104 
2363	133 
2364	103 
2365	17 
2366	118 
2367	99 
2368	19 
2369	37 
2370	129 
2371	20 
2372	155 
2373	59 
2374	60 
2375	34 
2376	78 
2377	107 
2378	76 
2379	83 
2380	74 
2381	5 
2382	102 
2383	23 
2384	32 
2385	93 
2386	18 
2387	6 
2388	32 
2389	53 
2390	66 
2391	111 
2392	7 
2393	149 
2394	114 
2395	151 
2396	76 
2397	35 
2398	8 
2399	41 
2400	141 
2401	101 
2402	59 
2403	80 
2404	121 
2405	70 
2406	77 
2407	143 
2408	19 
2409	73 
2410	149 
2411	67 
2412	25 
2413	49 
2414	155 
2415	30 
2416	79 
2417	48 
2418	30 
2419	6 
2420	83 
2421	25 
2422	129 
2423	130 
2424	155 
2425	89 
2426	106 
2427	75 
2428	72 
2429	47 
2430	23 
2431	97 
2432	53 
2433	138 
2434	101 
2435	57 
2436	4 
2437	57 
2438	88 
2439	117 
2440	42 
2441	100 
2442	41 
2443	60 
2444	86 
2445	87 
2446	51 
2447	24 
2448	109 
2449	42 
2450	21 
2451	47 
2452	37 
2453	30 
2454	53 
2455	110 
2456	99 
2457	151 
2458	98 
2459	123 
2460	116 
2461	89 
2462	23 
2463	126 
2464	122 
2465	92 
2466	154 
2467	128 
2468	139 
2469	90 
2470	136 
2471	96 
2472	102 
2473	71 
2474	148 
2475	152 
2476	147 
2477	86 
2478	119 
2479	16 
2480	11 
2481	85 
2482	126 
2483	52 
2484	84 
2485	30 
2486	38 
2487	105 
2488	97 
2489	105 
2490	132 
2491	32 
2492	121 
2493	138 
2494	45 
2495	50 
2496	21 
2497	106 
2498	51 
2499	142 
2500	91 
2501	85 
2502	50 
2503	25 
2504	142 
2505	112 
2506	75 
2507	29 
2508	81 
2509	14 
2510	31 
2511	37 
2512	66 
2513	71 
2514	45 
2515	145 
2516	17 
2517	47 
2518	150 
2519	22 
2520	126 
2521	6 
2522	94 
2523	131 
2524	146 
2525	69 
2526	15 
2527	15 
2528	72 
2529	59 
2530	11 
2531	112 
2532	145 
2533	137 
2534	19 
2535	116 
2536	141 
2537	63 
2538	41 
2539	79 
2540	149 
2541	13 
2542	144 
2543	55 
2544	52 
2545	120 
2546	19 
2547	29 
2548	16 
2549	129 
2550	123 
2551	67 
2552	130 
2553	80 
2554	39 
2555	121 
2556	139 
2557	81 
2558	81 
2559	16 
2560	111 
2561	145 
2562	93 
2563	10 
2564	135 
2565	81 
2566	23 
2567	129 
2568	141 
2569	60 
2570	139 
2571	69 
2572	13 
2573	39 
2574	90 
2575	84 
2576	137 
2577	138 
2578	89 
2579	23 
2580	6 
2581	82 
2582	22 
2583	134 
2584	91 
2585	101 
2586	92 
2587	15 
2588	67 
2589	152 
2590	60 
2591	61 
2592	21 
2593	26 
2594	97 
2595	154 
2596	7 
2597	86 
2598	53 
2599	131 
2600	80 
2601	49 
2602	17 
2603	18 
2604	83 
2605	60 
2606	111 
2607	21 
2608	49 
2609	26 
2610	72 
2611	78 
2612	78 
2613	85 
2614	135 
2615	56 
2616	95 
2617	18 
2618	146 
2619	76 
2620	92 
2621	56 
2622	111 
2623	59 
2624	14 
2625	80 
2626	139 
2627	124 
2628	56 
2629	112 
2630	129 
2631	118 
2632	13 
2633	21 
2634	134 
2635	154 
2636	141 
2637	131 
2638	35 
2639	155 
2640	149 
2641	15 
2642	95 
2643	71 
2644	49 
2645	33 
2646	32 
2647	58 
2648	63 
2649	98 
2650	127 
2651	123 
2652	86 
2653	53 
2654	121 
2655	4 
2656	135 
2657	78 
2658	32 
2659	80 
2660	31 
2661	48 
2662	114 
2663	132 
2664	68 
2665	44 
2666	50 
2667	152 
2668	49 
2669	88 
2670	101 
2671	21 
2672	137 
2673	58 
2674	14 
2675	136 
2676	42 
2677	115 
2678	133 
2679	125 
2680	100 
2681	144 
2682	96 
2683	118 
2684	121 
2685	50 
2686	57 
2687	152 
2688	58 
2689	107 
2690	5 
2691	139 
2692	73 
2693	27 
2694	19 
2695	85 
2696	10 
2697	147 
2698	137 
2699	86 
2700	19 
2701	148 
2702	60 
2703	67 
2704	41 
2705	117 
2706	147 
2707	51 
2708	135 
2709	130 
2710	69 
2711	110 
2712	95 
2713	75 
2714	82 
2715	149 
2716	66 
2717	124 
2718	8 
2719	30 
2720	101 
2721	28 
2722	147 
2723	22 
2724	135 
2725	134 
2726	59 
2727	80 
2728	57 
2729	62 
2730	41 
2731	42 
2732	94 
2733	32 
2734	23 
2735	79 
2736	88 
2737	13 
2738	112 
2739	33 
2740	104 
2741	94 
2742	69 
2743	67 
2744	63 
2745	9 
2746	88 
2747	10 
2748	37 
2749	86 
2750	127 
2751	151 
2752	152 
2753	26 
2754	59 
2755	40 
2756	134 
2757	107 
2758	53 
2759	37 
2760	19 
2761	121 
2762	3 
2763	2 
2764	80 
2765	113 
2766	57 
2767	31 
2768	71 
2769	96 
2770	76 
2771	57 
2772	153 
2773	57 
2774	21 
2775	111 
2776	123 
2777	29 
2778	8 
2779	48 
2780	9 
2781	155 
2782	142 
2783	58 
2784	132 
2785	31 
2786	38 
2787	32 
2788	30 
2789	83 
2790	11 
2791	116 
2792	154 
2793	95 
2794	117 
2795	45 
2796	42 
2797	61 
2798	129 
2799	71 
2800	10 
2801	58 
2802	126 
2803	93 
2804	119 
2805	116 
2806	110 
2807	120 
2808	88 
2809	137 
2810	93 
2811	139 
2812	50 
2813	152 
2814	105 
2815	123 
2816	111 
2817	84 
2818	12 
2819	55 
2820	148 
2821	121 
2822	114 
2823	14 
2824	106 
2825	69 
2826	120 
2827	114 
2828	80 
2829	102 
2830	5 
2831	57 
2832	15 
2833	62 
2834	103 
2835	62 
2836	39 
2837	1 
2838	91 
2839	116 
2840	64 
2841	125 
2842	79 
2843	14 
2844	40 
2845	24 
2846	79 
2847	74 
2848	155 
2849	78 
2850	100 
2851	90 
2852	110 
2853	90 
2854	150 
2855	31 
2856	129 
2857	19 
2858	144 
2859	19 
2860	19 
2861	72 
2862	26 
2863	64 
2864	8 
2865	28 
2866	143 
2867	106 
2868	150 
2869	126 
2870	48 
2871	86 
2872	113 
2873	110 
2874	93 
2875	136 
2876	33 
2877	22 
2878	28 
2879	126 
2880	70 
2881	125 
2882	62 
2883	51 
2884	50 
2885	87 
2886	63 
2887	118 
2888	126 
2889	22 
2890	57 
2891	117 
2892	54 
2893	155 
2894	153 
2895	120 
2896	69 
2897	90 
2898	55 
2899	69 
2900	89 
2901	56 
2902	80 
2903	122 
2904	14 
2905	117 
2906	122 
2907	69 
2908	8 
2909	14 
2910	70 
2911	43 
2912	41 
2913	74 
2914	60 
2915	43 
2916	97 
2917	82 
2918	116 
2919	34 
2920	1 
2921	43 
2922	155 
2923	79 
2924	5 
2925	2 
2926	144 
2927	138 
2928	133 
2929	96 
2930	38 
2931	130 
2932	129 
2933	18 
2934	35 
2935	21 
2936	154 
2937	89 
2938	134 
2939	122 
2940	123 
2941	99 
2942	50 
2943	137 
2944	73 
2945	46 
2946	137 
2947	50 
2948	131 
2949	92 
2950	13 
2951	47 
2952	2 
2953	84 
2954	89 
2955	102 
2956	95 
2957	16 
2958	63 
2959	109 
2960	98 
2961	107 
2962	61 
2963	105 
2964	135 
2965	85 
2966	16 
2967	136 
2968	7 
2969	133 
2970	60 
2971	154 
2972	139 
2973	153 
2974	120 
2975	31 
2976	94 
2977	85 
2978	98 
2979	103 
2980	108 
2981	142 
2982	118 
2983	85 
2984	3 
2985	130 
2986	10 
2987	43 
2988	141 
2989	148 
2990	55 
2991	30 
2992	64 
2993	64 
2994	64 
2995	66 
2996	137 
2997	109 
2998	148 
2999	69 
3000	89 
3001	32 
3002	76 
3003	145 
3004	15 
3005	132 
3006	114 
3007	62 
3008	126 
3009	140 
3010	122 
3011	133 
3012	17 
3013	137 
3014	119 
3015	44 
3016	7 
3017	137 
3018	140 
3019	44 
3020	138 
3021	35 
3022	77 
3023	29 
3024	141 
3025	129 
3026	128 
3027	68 
3028	92 
3029	41 
3030	59 
3031	44 
3032	41 
3033	113 
3034	90 
3035	105 
3036	112 
3037	33 
3038	139 
3039	119 
3040	77 
3041	28 
3042	52 
3043	82 
3044	8 
3045	53 
3046	154 
3047	153 
3048	4 
3049	88 
3050	5 
3051	125 
3052	53 
3053	148 
3054	53 
3055	88 
3056	6 
3057	93 
3058	12 
3059	139 
3060	150 
3061	89 
3062	66 
3063	73 
3064	38 
3065	119 
3066	85 
3067	121 
3068	144 
3069	57 
3070	55 
3071	123 
3072	135 
3073	80 
3074	123 
3075	149 
3076	131 
3077	117 
3078	84 
3079	64 
3080	38 
3081	30 
3082	143 
3083	142 
3084	14 
3085	53 
3086	4 
3087	4 
3088	15 
3089	45 
3090	139 
3091	125 
3092	65 
3093	5 
3094	122 
3095	36 
3096	143 
3097	90 
3098	53 
3099	137 
3100	136 
3101	147 
3102	149 
3103	5 
3104	32 
3105	49 
3106	83 
3107	13 
3108	63 
3109	81 
3110	118 
3111	45 
3112	118 
3113	151 
3114	82 
3115	49 
3116	86 
3117	49 
3118	150 
3119	69 
3120	110 
3121	79 
3122	103 
3123	98 
3124	14 
3125	119 
3126	139 
3127	117 
3128	112 
3129	123 
3130	136 
3131	11 
3132	154 
3133	37 
3134	44 
3135	104 
3136	142 
3137	137 
3138	30 
3139	2 
3140	147 
3141	123 
3142	92 
3143	68 
3144	115 
3145	81 
3146	37 
3147	76 
3148	21 
3149	130 
3150	150 
3151	2 
3152	123 
3153	77 
3154	85 
3155	72 
3156	35 
3157	139 
3158	122 
3159	131 
3160	17 
3161	40 
3162	118 
3163	10 
3164	103 
3165	108 
3166	63 
3167	121 
3168	89 
3169	86 
3170	89 
3171	78 
3172	126 
3173	38 
3174	12 
3175	32 
3176	97 
3177	90 
3178	36 
3179	25 
3180	151 
3181	87 
3182	17 
3183	116 
3184	108 
3185	127 
3186	64 
3187	71 
3188	102 
3189	46 
3190	136 
3191	131 
3192	57 
3193	149 
3194	107 
3195	152 
3196	64 
3197	101 
3198	31 
3199	155 
3200	111 
3201	142 
3202	71 
3203	25 
3204	62 
3205	150 
3206	105 
3207	38 
3208	42 
3209	76 
3210	43 
3211	135 
3212	83 
3213	5 
3214	34 
3215	136 
3216	70 
3217	151 
3218	114 
3219	74 
3220	139 
3221	58 
3222	125 
3223	83 
3224	104 
3225	138 
3226	142 
3227	149 
3228	119 
3229	54 
3230	11 
3231	55 
3232	76 
3233	59 
3234	121 
3235	19 
3236	41 
3237	155 
3238	111 
3239	102 
3240	106 
3241	141 
3242	39 
3243	115 
3244	61 
3245	118 
3246	48 
3247	17 
3248	46 
3249	110 
3250	140 
3251	144 
3252	68 
3253	43 
3254	34 
3255	69 
3256	48 
3257	79 
3258	77 
3259	127 
3260	77 
3261	16 
3262	137 
3263	58 
3264	88 
3265	71 
3266	146 
3267	84 
3268	17 
3269	133 
3270	125 
3271	99 
3272	112 
3273	148 
3274	118 
3275	145 
3276	9 
3277	55 
3278	12 
3279	113 
3280	139 
3281	100 
3282	80 
3283	143 
3284	19 
3285	92 
3286	11 
3287	130 
3288	125 
3289	107 
3290	81 
3291	44 
3292	63 
3293	48 
3294	50 
3295	87 
3296	138 
3297	80 
3298	49 
3299	77 
3300	41 
3301	145 
3302	136 
3303	84 
3304	121 
3305	40 
3306	136 
3307	66 
3308	115 
3309	5 
3310	62 
3311	89 
3312	90 
3313	60 
3314	37 
3315	140 
3316	131 
3317	50 
3318	117 
3319	52 
3320	75 
3321	92 
3322	4 
3323	3 
3324	89 
3325	49 
3326	143 
3327	46 
3328	142 
3329	37 
3330	136 
3331	139 
3332	37 
3333	16 
3334	74 
3335	55 
3336	96 
3337	72 
3338	131 
3339	144 
3340	83 
3341	106 
3342	95 
3343	17 
3344	152 
3345	39 
3346	114 
3347	130 
3348	11 
3349	129 
3350	18 
3351	78 
3352	105 
3353	112 
3354	108 
3355	112 
3356	41 
3357	131 
3358	65 
3359	72 
3360	46 
3361	135 
3362	38 
3363	3 
3364	95 
3365	19 
3366	141 
3367	72 
3368	127 
3369	82 
3370	14 
3371	18 
3372	138 
3373	125 
3374	58 
3375	118 
3376	78 
3377	17 
3378	142 
3379	32 
3380	125 
3381	79 
3382	49 
3383	93 
3384	14 
3385	16 
3386	69 
3387	150 
3388	121 
3389	75 
3390	135 
3391	151 
3392	107 
3393	142 
3394	13 
3395	154 
3396	126 
3397	63 
3398	115 
3399	85 
3400	47 
3401	56 
3402	38 
3403	6 
3404	132 
3405	100 
3406	46 
3407	83 
3408	40 
3409	129 
3410	123 
3411	60 
3412	9 
3413	129 
3414	88 
3415	7 
3416	101 
3417	49 
3418	32 
3419	107 
3420	111 
3421	27 
3422	56 
3423	61 
3424	140 
3425	28 
3426	120 
3427	137 
3428	36 
3429	23 
3430	54 
3431	150 
3432	96 
3433	116 
3434	53 
3435	55 
3436	46 
3437	144 
3438	26 
3439	66 
3440	29 
3441	75 
3442	3 
3443	121 
3444	13 
3445	151 
3446	18 
3447	32 
3448	73 
3449	105 
3450	150 
3451	104 
3452	81 
3453	13 
3454	80 
3455	1 
3456	20 
3457	122 
3458	129 
3459	122 
3460	146 
3461	97 
3462	152 
3463	65 
3464	93 
3465	154 
3466	66 
3467	104 
3468	79 
3469	112 
3470	23 
3471	34 
3472	91 
3473	63 
3474	129 
3475	155 
3476	98 
3477	106 
3478	110 
3479	115 
3480	69 
3481	81 
3482	97 
3483	9 
3484	129 
3485	47 
3486	153 
3487	19 
3488	107 
3489	137 
3490	137 
3491	116 
3492	13 
3493	131 
3494	78 
3495	28 
3496	116 
3497	3 
3498	22 
3499	16 
3500	56 
3501	121 
3502	55 
3503	103 
3504	95 
3505	120 
3506	147 
3507	108 
3508	68 
3509	36 
3510	40 
3511	125 
3512	21 
3513	154 
3514	20 
3515	13 
3516	109 
3517	3 
3518	137 
3519	30 
3520	83 
3521	33 
3522	15 
3523	80 
3524	11 
3525	91 
3526	45 
3527	18 
3528	96 
3529	138 
3530	103 
3531	24 
3532	126 
3533	21 
3534	117 
3535	146 
3536	115 
3537	76 
3538	90 
3539	41 
3540	7 
3541	150 
3542	50 
3543	12 
3544	37 
3545	140 
3546	115 
3547	151 
3548	139 
3549	45 
3550	122 
3551	77 
3552	53 
3553	22 
3554	146 
3555	95 
3556	109 
3557	150 
3558	20 
3559	75 
3560	54 
3561	118 
3562	17 
3563	61 
3564	137 
3565	84 
3566	2 
3567	38 
3568	131 
3569	106 
3570	33 
3571	82 
3572	139 
3573	68 
3574	60 
3575	72 
3576	75 
3577	141 
3578	107 
3579	12 
3580	132 
3581	59 
3582	49 
3583	55 
3584	57 
3585	125 
3586	20 
3587	30 
3588	150 
3589	101 
3590	113 
3591	140 
3592	109 
3593	77 
3594	150 
3595	128 
3596	66 
3597	60 
3598	6 
3599	127 
3600	141 
3601	123 
3602	134 
3603	145 
3604	84 
3605	91 
3606	113 
3607	33 
3608	44 
3609	86 
3610	5 
3611	34 
3612	85 
3613	142 
3614	44 
3615	93 
3616	20 
3617	139 
3618	58 
3619	13 
3620	30 
3621	80 
3622	80 
3623	34 
3624	2 
3625	36 
3626	136 
3627	148 
3628	107 
3629	96 
3630	49 
3631	39 
3632	154 
3633	106 
3634	82 
3635	21 
3636	51 
3637	9 
3638	67 
3639	68 
3640	84 
3641	138 
3642	84 
3643	18 
3644	98 
3645	56 
3646	19 
3647	95 
3648	128 
3649	67 
3650	67 
3651	23 
3652	6 
3653	116 
3654	150 
3655	139 
3656	56 
3657	64 
3658	118 
3659	33 
3660	117 
3661	24 
3662	25 
3663	66 
3664	88 
3665	111 
3666	53 
3667	16 
3668	85 
3669	131 
3670	155 
3671	42 
3672	79 
3673	23 
3674	112 
3675	19 
3676	32 
3677	9 
3678	44 
3679	35 
3680	39 
3681	100 
3682	80 
3683	137 
3684	31 
3685	30 
3686	74 
3687	52 
3688	49 
3689	39 
3690	149 
3691	63 
3692	28 
3693	99 
3694	78 
3695	148 
3696	112 
3697	5 
3698	7 
3699	3 
3700	58 
3701	115 
3702	20 
3703	103 
3704	92 
3705	85 
3706	27 
3707	131 
3708	115 
3709	136 
3710	77 
3711	72 
3712	17 
3713	85 
3714	79 
3715	15 
3716	98 
3717	122 
3718	123 
3719	115 
3720	148 
3721	125 
3722	74 
3723	32 
3724	146 
3725	13 
3726	101 
3727	15 
3728	88 
3729	154 
3730	25 
3731	93 
3732	105 
3733	61 
3734	45 
3735	81 
3736	11 
3737	10 
3738	72 
3739	112 
3740	144 
3741	107 
3742	53 
3743	103 
3744	143 
3745	51 
3746	114 
3747	10 
3748	62 
3749	125 
3750	153 
3751	90 
3752	125 
3753	141 
3754	141 
3755	14 
3756	19 
3757	110 
3758	68 
3759	137 
3760	148 
3761	9 
3762	36 
3763	88 
3764	94 
3765	79 
3766	45 
3767	111 
3768	45 
3769	79 
3770	75 
3771	98 
3772	36 
3773	34 
3774	74 
3775	123 
3776	155 
3777	134 
3778	72 
3779	7 
3780	112 
3781	149 
3782	45 
3783	61 
3784	49 
3785	79 
3786	35 
3787	122 
3788	58 
3789	15 
3790	102 
3791	69 
3792	29 
3793	150 
3794	102 
3795	59 
3796	92 
3797	107 
3798	135 
3799	9 
3800	55 
3801	142 
3802	38 
3803	12 
3804	18 
3805	89 
3806	102 
3807	98 
3808	37 
3809	145 
3810	135 
3811	38 
3812	110 
3813	16 
3814	126 
3815	31 
3816	16 
3817	110 
3818	11 
3819	57 
3820	14 
3821	142 
3822	141 
3823	53 
3824	2 
3825	38 
3826	21 
3827	115 
3828	72 
3829	64 
3830	29 
3831	101 
3832	103 
3833	65 
3834	122 
3835	98 
3836	25 
3837	108 
3838	100 
3839	21 
3840	151 
3841	21 
3842	7 
3843	141 
3844	79 
3845	15 
3846	68 
3847	94 
3848	87 
3849	77 
3850	9 
3851	37 
3852	137 
3853	58 
3854	121 
3855	118 
3856	44 
3857	45 
3858	41 
3859	146 
3860	112 
3861	143 
3862	15 
3863	35 
3864	74 
3865	28 
3866	42 
3867	132 
3868	139 
3869	134 
3870	154 
3871	9 
3872	88 
3873	51 
3874	148 
3875	4 
3876	138 
3877	154 
3878	30 
3879	107 
3880	66 
3881	89 
3882	108 
3883	154 
3884	116 
3885	43 
3886	51 
3887	96 
3888	114 
3889	38 
3890	113 
3891	33 
3892	150 
3893	90 
3894	41 
3895	52 
3896	4 
3897	104 
3898	69 
3899	112 
3900	33 
3901	150 
3902	1 
3903	61 
3904	76 
3905	149 
3906	25 
3907	153 
3908	95 
3909	97 
3910	121 
3911	84 
3912	132 
3913	12 
3914	49 
3915	46 
3916	112 
3917	33 
3918	68 
3919	139 
3920	116 
3921	146 
3922	122 
3923	140 
3924	71 
3925	37 
3926	99 
3927	121 
3928	53 
3929	67 
3930	56 
3931	8 
3932	131 
3933	71 
3934	93 
3935	55 
3936	120 
3937	21 
3938	26 
3939	144 
3940	102 
3941	103 
3942	15 
3943	85 
3944	120 
3945	105 
3946	48 
3947	31 
3948	54 
3949	89 
3950	46 
3951	100 
3952	98 
3953	105 
3954	114 
3955	95 
3956	82 
3957	43 
3958	110 
3959	14 
3960	109 
3961	35 
3962	102 
3963	102 
3964	74 
3965	45 
3966	142 
3967	14 
3968	55 
3969	84 
3970	33 
3971	93 
3972	116 
3973	46 
3974	24 
3975	141 
3976	30 
3977	30 
3978	18 
3979	5 
3980	74 
3981	45 
3982	33 
3983	14 
3984	73 
3985	51 
3986	118 
3987	121 
3988	7 
3989	51 
3990	66 
3991	118 
3992	5 
3993	59 
3994	41 
3995	83 
3996	4 
3997	25 
3998	44 
3999	73 
4000	119 
4001	83 
4002	124 
4003	133 
4004	68 
4005	124 
4006	118 
4007	148 
4008	3 
4009	10 
4010	14 
4011	153 
4012	75 
4013	30 
4014	31 
4015	86 
4016	94 
4017	66 
4018	49 
4019	150 
4020	67 
4021	65 
4022	53 
4023	104 
4024	101 
4025	19 
4026	139 
4027	136 
4028	119 
4029	69 
4030	118 
4031	48 
4032	140 
4033	55 
4034	98 
4035	41 
4036	112 
4037	125 
4038	141 
4039	43 
4040	3 
4041	116 
4042	26 
4043	11 
4044	82 
4045	112 
4046	72 
4047	138 
4048	122 
4049	11 
4050	23 
4051	46 
4052	61 
4053	64 
4054	30 
4055	37 
4056	44 
4057	114 
4058	143 
4059	85 
4060	126 
4061	16 
4062	146 
4063	118 
4064	139 
4065	86 
4066	101 
4067	142 
4068	52 
4069	109 
4070	15 
4071	38 
4072	25 
4073	1 
4074	34 
4075	19 
4076	146 
4077	50 
4078	41 
4079	105 
4080	71 
4081	109 
4082	14 
4083	57 
4084	76 
4085	14 
4086	41 
4087	38 
4088	137 
4089	68 
4090	139 
4091	14 
4092	119 
4093	117 
4094	107 
4095	53 
4096	108 
4097	53 
4098	84 
4099	146 
4100	43 
4101	45 
4102	45 
4103	104 
4104	39 
4105	105 
4106	141 
4107	34 
4108	81 
4109	146 
4110	77 
4111	138 
4112	84 
4113	116 
4114	15 
4115	107 
4116	13 
4117	136 
4118	41 
4119	8 
4120	18 
4121	30 
4122	106 
4123	150 
4124	40 
4125	21 
4126	100 
4127	57 
4128	107 
4129	88 
4130	5 
4131	100 
4132	31 
4133	82 
4134	63 
4135	142 
4136	4 
4137	85 
4138	153 
4139	97 
4140	154 
4141	155 
4142	97 
4143	17 
4144	110 
4145	149 
4146	33 
4147	31 
4148	119 
4149	30 
4150	60 
4151	56 
4152	121 
4153	93 
4154	51 
4155	11 
4156	21 
4157	87 
4158	5 
4159	107 
4160	44 
4161	137 
4162	101 
4163	106 
4164	149 
4165	56 
4166	11 
4167	71 
4168	45 
4169	68 
4170	148 
4171	139 
4172	137 
4173	90 
4174	42 
4175	13 
4176	97 
4177	45 
4178	142 
4179	13 
4180	14 
4181	12 
4182	82 
4183	90 
4184	142 
4185	49 
4186	102 
4187	17 
4188	47 
4189	104 
4190	1 
4191	33 
4192	39 
4193	104 
4194	32 
4195	64 
4196	94 
4197	138 
4198	120 
4199	127 
4200	19 
4201	80 
4202	112 
4203	48 
4204	153 
4205	62 
4206	145 
4207	109 
4208	33 
4209	143 
4210	151 
4211	5 
4212	41 
4213	72 
4214	41 
4215	151 
4216	61 
4217	4 
4218	131 
4219	70 
4220	102 
4221	126 
4222	14 
4223	126 
4224	50 
4225	104 
4226	142 
4227	26 
4228	19 
4229	132 
4230	67 
4231	30 
4232	110 
4233	71 
4234	139 
4235	89 
4236	108 
4237	91 
4238	117 
4239	35 
4240	78 
4241	50 
4242	66 
4243	137 
4244	31 
4245	63 
4246	106 
4247	20 
4248	7 
4249	115 
4250	120 
4251	48 
4252	28 
4253	87 
4254	3 
4255	37 
4256	15 
4257	28 
4258	129 
4259	17 
4260	52 
4261	1 
4262	4 
4263	90 
4264	69 
4265	6 
4266	110 
4267	25 
4268	28 
4269	57 
4270	72 
4271	121 
4272	139 
4273	15 
4274	11 
4275	69 
4276	125 
4277	38 
4278	28 
4279	30 
4280	30 
4281	145 
4282	38 
4283	31 
4284	27 
4285	135 
4286	117 
4287	144 
4288	65 
4289	127 
4290	108 
4291	33 
4292	134 
4293	138 
4294	73 
4295	121 
4296	13 
4297	34 
4298	44 
4299	150 
4300	131 
4301	98 
4302	53 
4303	76 
4304	64 
4305	76 
4306	72 
4307	19 
4308	127 
4309	150 
4310	71 
4311	71 
4312	129 
4313	73 
4314	33 
4315	123 
4316	59 
4317	10 
4318	144 
4319	132 
4320	54 
4321	155 
4322	2 
4323	154 
4324	15 
4325	130 
4326	46 
4327	133 
4328	102 
4329	113 
4330	102 
4331	30 
4332	80 
4333	70 
4334	113 
4335	60 
4336	58 
4337	5 
4338	103 
4339	93 
4340	59 
4341	44 
4342	101 
4343	106 
4344	65 
4345	36 
4346	84 
4347	3 
4348	66 
4349	93 
4350	27 
4351	75 
4352	150 
4353	82 
4354	136 
4355	66 
4356	61 
4357	24 
4358	110 
4359	92 
4360	97 
4361	119 
4362	77 
4363	115 
4364	8 
4365	78 
4366	91 
4367	5 
4368	93 
4369	88 
4370	36 
4371	121 
4372	4 
4373	20 
4374	34 
4375	133 
4376	80 
4377	35 
4378	61 
4379	151 
4380	131 
4381	34 
4382	71 
4383	104 
4384	21 
4385	66 
4386	82 
4387	142 
4388	44 
4389	70 
4390	75 
4391	30 
4392	10 
4393	147 
4394	87 
4395	66 
4396	139 
4397	98 
4398	123 
4399	152 
4400	43 
4401	54 
4402	63 
4403	51 
4404	106 
4405	70 
4406	101 
4407	26 
4408	97 
4409	121 
4410	123 
4411	19 
4412	28 
4413	122 
4414	64 
4415	46 
4416	112 
4417	38 
4418	87 
4419	24 
4420	141 
4421	44 
4422	86 
4423	77 
4424	72 
4425	46 
4426	39 
4427	90 
4428	125 
4429	28 
4430	150 
4431	29 
4432	78 
4433	87 
4434	67 
4435	26 
4436	115 
4437	71 
4438	50 
4439	117 
4440	51 
4441	24 
4442	46 
4443	73 
4444	37 
4445	111 
4446	11 
4447	142 
4448	133 
4449	115 
4450	43 
4451	132 
4452	52 
4453	94 
4454	84 
4455	106 
4456	12 
4457	2 
4458	144 
4459	138 
4460	11 
4461	89 
4462	63 
4463	40 
4464	5 
4465	93 
4466	53 
4467	60 
4468	28 
4469	110 
4470	128 
4471	53 
4472	99 
4473	75 
4474	17 
4475	136 
4476	106 
4477	121 
4478	90 
4479	109 
4480	62 
4481	123 
4482	50 
4483	15 
4484	60 
4485	36 
4486	152 
4487	57 
4488	43 
4489	152 
4490	136 
4491	154 
4492	138 
4493	60 
4494	60 
4495	45 
4496	44 
4497	107 
4498	140 
4499	64 
4500	18 
4501	26 
4502	50 
4503	11 
4504	131 
4505	92 
4506	149 
4507	147 
4508	144 
4509	123 
4510	55 
4511	4 
4512	38 
4513	6 
4514	129 
4515	140 
4516	10 
4517	59 
4518	23 
4519	134 
4520	31 
4521	116 
4522	17 
4523	85 
4524	54 
4525	79 
4526	41 
4527	82 
4528	108 
4529	50 
4530	53 
4531	64 
4532	34 
4533	69 
4534	53 
4535	88 
4536	82 
4537	69 
4538	25 
4539	1 
4540	63 
4541	104 
4542	127 
4543	139 
4544	61 
4545	21 
4546	91 
4547	52 
4548	132 
4549	3 
4550	53 
4551	12 
4552	70 
4553	79 
4554	38 
4555	141 
4556	8 
4557	46 
4558	125 
4559	88 
4560	66 
4561	21 
4562	143 
4563	107 
4564	49 
4565	77 
4566	107 
4567	129 
4568	136 
4569	147 
4570	64 
4571	60 
4572	155 
4573	106 
4574	13 
4575	30 
4576	124 
4577	79 
4578	65 
4579	49 
4580	16 
4581	4 
4582	127 
4583	64 
4584	15 
4585	90 
4586	22 
4587	16 
4588	15 
4589	76 
4590	5 
4591	121 
4592	36 
4593	71 
4594	84 
4595	150 
4596	15 
4597	125 
4598	91 
4599	83 
4600	146 
4601	124 
4602	155 
4603	31 
4604	44 
4605	8 
4606	125 
4607	53 
4608	86 
4609	103 
4610	83 
4611	10 
4612	8 
4613	30 
4614	127 
4615	18 
4616	66 
4617	146 
4618	91 
4619	107 
4620	27 
4621	71 
4622	154 
4623	33 
4624	131 
4625	86 
4626	143 
4627	55 
4628	82 
4629	116 
4630	98 
4631	89 
4632	21 
4633	34 
4634	1 
4635	107 
4636	145 
4637	129 
4638	149 
4639	125 
4640	40 
4641	2 
4642	41 
4643	111 
4644	4 
4645	142 
4646	15 
4647	52 
4648	14 
4649	139 
4650	6 
4651	18 
4652	16 
4653	114 
4654	49 
4655	59 
4656	38 
4657	106 
4658	106 
4659	64 
4660	57 
4661	22 
4662	132 
4663	5 
4664	46 
4665	38 
4666	112 
4667	120 
4668	23 
4669	116 
4670	15 
4671	34 
4672	30 
4673	32 
4674	66 
4675	88 
4676	57 
4677	4 
4678	5 
4679	137 
4680	20 
4681	35 
4682	67 
4683	1 
4684	100 
4685	9 
4686	12 
4687	72 
4688	98 
4689	79 
4690	62 
4691	103 
4692	59 
4693	67 
4694	98 
4695	107 
4696	90 
4697	124 
4698	98 
4699	56 
4700	151 
4701	64 
4702	79 
4703	29 
4704	57 
4705	25 
4706	37 
4707	45 
4708	22 
4709	42 
4710	62 
4711	4 
4712	32 
4713	75 
4714	94 
4715	78 
4716	137 
4717	60 
4718	24 
4719	69 
4720	65 
4721	134 
4722	88 
4723	140 
4724	53 
4725	74 
4726	119 
4727	83 
4728	5 
4729	55 
4730	126 
4731	106 
4732	102 
4733	47 
4734	100 
4735	104 
4736	8 
4737	17 
4738	134 
4739	108 
4740	152 
4741	3 
4742	105 
4743	1 
4744	43 
4745	73 
4746	19 
4747	140 
4748	149 
4749	85 
4750	155 
4751	38 
4752	14 
4753	46 
4754	58 
4755	50 
4756	64 
4757	38 
4758	49 
4759	32 
4760	5 
4761	107 
4762	41 
4763	138 
4764	50 
4765	138 
4766	104 
4767	132 
4768	63 
4769	137 
4770	117 
4771	40 
4772	64 
4773	32 
4774	76 
4775	14 
4776	154 
4777	139 
4778	154 
4779	20 
4780	14 
4781	13 
4782	146 
4783	154 
4784	45 
4785	76 
4786	49 
4787	43 
4788	141 
4789	115 
4790	84 
4791	140 
4792	101 
4793	13 
4794	129 
4795	64 
4796	102 
4797	27 
4798	102 
4799	24 
4800	93 
4801	80 
4802	152 
4803	80 
4804	150 
4805	152 
4806	79 
4807	115 
4808	56 
4809	84 
4810	102 
4811	50 
4812	80 
4813	40 
4814	56 
4815	126 
4816	129 
4817	153 
4818	55 
4819	73 
4820	66 
4821	90 
4822	71 
4823	41 
4824	58 
4825	35 
4826	127 
4827	147 
4828	58 
4829	105 
4830	74 
4831	77 
4832	50 
4833	112 
4834	102 
4835	98 
4836	70 
4837	78 
4838	115 
4839	99 
4840	26 
4841	78 
4842	106 
4843	20 
4844	15 
4845	9 
4846	112 
4847	6 
4848	155 
4849	46 
4850	138 
4851	110 
4852	89 
4853	70 
4854	44 
4855	78 
4856	137 
4857	73 
4858	7 
4859	78 
4860	151 
4861	6 
4862	28 
4863	60 
4864	135 
4865	8 
4866	40 
4867	21 
4868	43 
4869	16 
4870	114 
4871	120 
4872	117 
4873	19 
4874	33 
4875	69 
4876	6 
4877	31 
4878	152 
4879	42 
4880	76 
4881	36 
4882	82 
4883	127 
4884	154 
4885	71 
4886	6 
4887	137 
4888	50 
4889	38 
4890	115 
4891	18 
4892	84 
4893	154 
4894	61 
4895	101 
4896	75 
4897	90 
4898	21 
4899	66 
4900	99 
4901	5 
4902	23 
4903	139 
4904	67 
4905	118 
4906	8 
4907	141 
4908	31 
4909	109 
4910	35 
4911	71 
4912	133 
4913	68 
4914	131 
4915	16 
4916	131 
4917	145 
4918	12 
4919	96 
4920	50 
4921	55 
4922	61 
4923	154 
4924	115 
4925	126 
4926	135 
4927	147 
4928	84 
4929	3 
4930	118 
4931	67 
4932	57 
4933	118 
4934	140 
4935	142 
4936	5 
4937	33 
4938	82 
4939	84 
4940	58 
4941	126 
4942	148 
4943	28 
4944	51 
4945	129 
4946	48 
4947	82 
4948	6 
4949	122 
4950	29 
4951	32 
4952	126 
4953	53 
4954	114 
4955	13 
4956	32 
4957	48 
4958	82 
4959	86 
4960	53 
4961	87 
4962	26 
4963	123 
4964	58 
4965	89 
4966	83 
4967	46 
4968	47 
4969	84 
4970	107 
4971	142 
4972	69 
4973	15 
4974	108 
4975	103 
4976	49 
4977	132 
4978	58 
4979	49 
4980	61 
4981	59 
4982	142 
4983	147 
4984	84 
4985	71 
4986	15 
4987	111 
4988	55 
4989	74 
4990	45 
4991	71 
4992	101 
4993	137 
4994	109 
4995	103 
4996	2 
4997	15 
4998	70 
4999	141 
5000	43 
