1	4 
2	19 
3	19 
4	19 
5	16 
6	15 
7	1 
8	15 
9	2 
10	17 
11	8 
12	3 
13	9 
14	6 
15	2 
16	28 
17	28 
18	6 
19	16 
20	8 
21	14 
22	4 
23	22 
24	15 
25	13 
26	26 
27	12 
28	25 
29	11 
30	22 
31	14 
32	28 
33	2 
34	18 
35	15 
36	24 
37	12 
38	24 
39	27 
40	16 
41	26 
42	26 
43	12 
44	19 
45	23 
46	9 
47	14 
48	16 
49	23 
50	19 
51	8 
52	26 
53	27 
54	27 
55	7 
56	24 
57	3 
58	22 
59	22 
60	20 
61	4 
62	18 
63	26 
64	26 
65	12 
66	11 
67	21 
68	10 
69	28 
70	6 
71	5 
72	18 
73	10 
74	28 
75	6 
76	23 
77	25 
78	12 
79	5 
80	12 
81	5 
82	5 
83	23 
84	28 
85	19 
86	7 
87	7 
88	23 
89	20 
90	26 
91	6 
92	7 
93	18 
94	11 
95	11 
96	6 
97	10 
98	26 
99	13 
100	25 
101	25 
102	12 
103	25 
104	22 
105	28 
106	24 
107	10 
108	16 
109	27 
110	21 
111	12 
112	23 
113	27 
114	1 
115	6 
116	18 
117	8 
118	12 
119	11 
120	13 
121	27 
122	12 
123	12 
124	27 
125	19 
126	18 
127	20 
128	19 
129	14 
130	5 
131	1 
132	10 
133	28 
134	2 
135	12 
136	27 
137	21 
138	26 
139	27 
140	5 
141	10 
142	5 
143	12 
144	25 
145	21 
146	13 
147	1 
148	21 
149	27 
150	21 
151	8 
152	13 
153	22 
154	26 
155	8 
156	10 
157	5 
158	25 
159	15 
160	18 
161	9 
162	19 
163	25 
164	14 
165	2 
166	21 
167	3 
168	25 
169	22 
170	17 
171	21 
172	16 
173	24 
174	15 
175	16 
176	27 
177	27 
178	20 
179	12 
180	23 
181	3 
182	25 
183	12 
184	20 
185	18 
186	9 
187	15 
188	1 
189	19 
190	21 
191	14 
192	13 
193	14 
194	19 
195	6 
196	10 
197	26 
198	28 
199	14 
200	19 
201	27 
202	15 
203	22 
204	21 
205	7 
206	27 
207	28 
208	27 
209	21 
210	26 
211	10 
212	22 
213	14 
214	23 
215	4 
216	14 
217	12 
218	20 
219	17 
220	18 
221	17 
222	9 
223	27 
224	8 
225	7 
226	7 
227	27 
228	4 
229	8 
230	13 
231	17 
232	26 
233	9 
234	2 
235	11 
236	5 
237	24 
238	17 
239	15 
240	6 
241	24 
242	16 
243	21 
244	11 
245	28 
246	4 
247	12 
248	16 
249	18 
250	20 
251	25 
252	12 
253	9 
254	3 
255	10 
256	27 
257	2 
258	12 
259	22 
260	17 
261	14 
262	6 
263	25 
264	25 
265	28 
266	8 
267	17 
268	2 
269	22 
270	24 
271	1 
272	1 
273	15 
274	12 
275	28 
276	18 
277	22 
278	14 
279	2 
280	7 
281	25 
282	3 
283	14 
284	15 
285	28 
286	9 
287	24 
288	24 
289	4 
290	6 
291	7 
292	2 
293	6 
294	26 
295	25 
296	18 
297	7 
298	19 
299	18 
300	6 
301	9 
302	18 
303	25 
304	23 
305	7 
306	3 
307	11 
308	3 
309	6 
310	27 
311	12 
312	12 
313	4 
314	1 
315	14 
316	4 
317	7 
318	21 
319	26 
320	3 
321	6 
322	13 
323	1 
324	6 
325	7 
326	7 
327	7 
328	9 
329	24 
330	18 
331	19 
332	3 
333	18 
334	7 
335	13 
336	19 
337	6 
338	11 
339	13 
340	22 
341	3 
342	2 
343	23 
344	21 
345	21 
346	26 
347	21 
348	6 
349	16 
350	2 
351	27 
352	11 
353	13 
354	9 
355	6 
356	27 
357	3 
358	19 
359	14 
360	17 
361	19 
362	12 
363	8 
364	10 
365	6 
366	9 
367	6 
368	14 
369	19 
370	28 
371	4 
372	8 
373	19 
374	5 
375	17 
376	21 
377	5 
378	7 
379	21 
380	11 
381	3 
382	18 
383	8 
384	24 
385	5 
386	9 
387	13 
388	25 
389	18 
390	14 
391	6 
392	5 
393	27 
394	22 
395	26 
396	20 
397	24 
398	5 
399	10 
400	1 
401	19 
402	16 
403	28 
404	3 
405	14 
406	26 
407	18 
408	12 
409	23 
410	13 
411	4 
412	25 
413	15 
414	27 
415	6 
416	3 
417	23 
418	17 
419	18 
420	10 
421	22 
422	28 
423	11 
424	17 
425	20 
426	7 
427	19 
428	25 
429	26 
430	18 
431	25 
432	26 
433	14 
434	18 
435	23 
436	26 
437	6 
438	7 
439	26 
440	13 
441	14 
442	22 
443	4 
444	7 
445	15 
446	7 
447	17 
448	28 
449	13 
450	21 
451	13 
452	7 
453	26 
454	14 
455	23 
456	16 
457	21 
458	3 
459	22 
460	7 
461	21 
462	5 
463	20 
464	24 
465	8 
466	9 
467	20 
468	20 
469	14 
470	1 
471	7 
472	10 
473	6 
474	19 
475	4 
476	18 
477	22 
478	17 
479	26 
480	6 
481	13 
482	3 
483	28 
484	7 
485	18 
486	17 
487	18 
488	15 
489	15 
490	27 
491	28 
492	3 
493	23 
494	15 
495	25 
496	21 
497	1 
498	12 
499	23 
500	15 
501	16 
502	18 
503	11 
504	9 
505	28 
506	7 
507	11 
508	21 
509	23 
510	12 
511	3 
512	21 
513	7 
514	19 
515	2 
516	19 
517	26 
518	14 
519	6 
520	14 
521	9 
522	11 
523	1 
524	18 
525	6 
526	15 
527	3 
528	7 
529	27 
530	22 
531	12 
532	12 
533	7 
534	8 
535	23 
536	6 
537	27 
538	2 
539	17 
540	12 
541	12 
542	6 
543	24 
544	2 
545	12 
546	15 
547	27 
548	6 
549	6 
550	20 
551	24 
552	6 
553	3 
554	11 
555	20 
556	15 
557	23 
558	10 
559	21 
560	11 
561	10 
562	7 
563	1 
564	4 
565	16 
566	6 
567	15 
568	6 
569	15 
570	11 
571	26 
572	28 
573	25 
574	23 
575	21 
576	27 
577	1 
578	28 
579	10 
580	11 
581	19 
582	25 
583	15 
584	11 
585	8 
586	2 
587	12 
588	27 
589	15 
590	2 
591	22 
592	2 
593	23 
594	11 
595	25 
596	11 
597	6 
598	18 
599	15 
600	27 
601	7 
602	3 
603	22 
604	20 
605	18 
606	16 
607	14 
608	9 
609	21 
610	9 
611	22 
612	2 
613	28 
614	14 
615	12 
616	22 
617	10 
618	9 
619	22 
620	25 
621	14 
622	21 
623	2 
624	1 
625	7 
626	28 
627	6 
628	9 
629	11 
630	28 
631	27 
632	8 
633	6 
634	26 
635	18 
636	21 
637	24 
638	28 
639	22 
640	24 
641	25 
642	9 
643	15 
644	11 
645	3 
646	18 
647	24 
648	3 
649	20 
650	28 
651	25 
652	11 
653	11 
654	15 
655	10 
656	7 
657	25 
658	12 
659	1 
660	14 
661	4 
662	28 
663	26 
664	13 
665	15 
666	21 
667	25 
668	28 
669	3 
670	14 
671	27 
672	2 
673	15 
674	22 
675	5 
676	27 
677	23 
678	21 
679	2 
680	10 
681	23 
682	22 
683	22 
684	2 
685	15 
686	9 
687	7 
688	25 
689	12 
690	20 
691	11 
692	18 
693	6 
694	21 
695	4 
696	12 
697	12 
698	3 
699	11 
700	18 
701	20 
702	17 
703	9 
704	18 
705	21 
706	25 
707	7 
708	11 
709	20 
710	9 
711	7 
712	17 
713	2 
714	4 
715	16 
716	14 
717	28 
718	5 
719	17 
720	3 
721	15 
722	5 
723	11 
724	12 
725	4 
726	1 
727	21 
728	14 
729	25 
730	19 
731	21 
732	11 
733	25 
734	14 
735	23 
736	27 
737	23 
738	8 
739	1 
740	25 
741	3 
742	4 
743	14 
744	10 
745	6 
746	4 
747	18 
748	16 
749	8 
750	11 
751	1 
752	18 
753	26 
754	15 
755	1 
756	18 
757	16 
758	5 
759	25 
760	25 
761	15 
762	17 
763	1 
764	9 
765	8 
766	14 
767	7 
768	20 
769	22 
770	2 
771	19 
772	28 
773	9 
774	7 
775	2 
776	22 
777	21 
778	15 
779	27 
780	8 
781	22 
782	28 
783	7 
784	12 
785	1 
786	10 
787	5 
788	18 
789	9 
790	14 
791	18 
792	21 
793	18 
794	13 
795	1 
796	17 
797	21 
798	1 
799	12 
800	19 
801	19 
802	3 
803	7 
804	25 
805	22 
806	21 
807	22 
808	6 
809	28 
810	15 
811	8 
812	3 
813	5 
814	1 
815	4 
816	14 
817	7 
818	15 
819	6 
820	12 
821	26 
822	6 
823	21 
824	7 
825	1 
826	16 
827	8 
828	2 
829	11 
830	8 
831	17 
832	17 
833	14 
834	7 
835	20 
836	25 
837	14 
838	26 
839	18 
840	24 
841	3 
842	6 
843	17 
844	4 
845	2 
846	28 
847	2 
848	12 
849	24 
850	26 
851	15 
852	16 
853	8 
854	5 
855	17 
856	12 
857	24 
858	21 
859	12 
860	1 
861	19 
862	15 
863	21 
864	19 
865	21 
866	21 
867	24 
868	4 
869	15 
870	14 
871	7 
872	15 
873	3 
874	1 
875	16 
876	12 
877	13 
878	28 
879	26 
880	20 
881	23 
882	6 
883	15 
884	7 
885	15 
886	1 
887	3 
888	20 
889	25 
890	13 
891	1 
892	1 
893	15 
894	3 
895	15 
896	2 
897	9 
898	28 
899	4 
900	27 
901	18 
902	18 
903	26 
904	14 
905	28 
906	1 
907	20 
908	18 
909	1 
910	18 
911	16 
912	19 
913	22 
914	27 
915	25 
916	10 
917	14 
918	15 
919	6 
920	22 
921	23 
922	19 
923	26 
924	6 
925	1 
926	25 
927	2 
928	11 
929	26 
930	20 
931	18 
932	1 
933	14 
934	26 
935	14 
936	13 
937	6 
938	14 
939	4 
940	7 
941	4 
942	19 
943	7 
944	4 
945	2 
946	26 
947	12 
948	13 
949	27 
950	12 
951	18 
952	28 
953	15 
954	19 
955	1 
956	19 
957	26 
958	17 
959	28 
960	7 
961	13 
962	26 
963	1 
964	15 
965	14 
966	1 
967	19 
968	16 
969	26 
970	16 
971	18 
972	27 
973	23 
974	11 
975	12 
976	9 
977	11 
978	28 
979	23 
980	28 
981	28 
982	1 
983	2 
984	16 
985	20 
986	14 
987	19 
988	20 
989	18 
990	1 
991	11 
992	11 
993	15 
994	21 
995	26 
996	14 
997	9 
998	26 
999	20 
1000	17 
