1	19 
2	29 
3	215 
4	19 
5	73 
6	239 
7	301 
8	214 
9	243 
10	231 
11	79 
12	103 
13	23 
14	157 
15	162 
16	44 
17	296 
18	46 
19	31 
20	234 
21	163 
22	300 
23	216 
24	47 
25	192 
26	148 
27	123 
28	115 
29	34 
30	200 
31	53 
32	149 
33	88 
34	12 
35	172 
36	275 
37	134 
38	227 
39	160 
40	33 
41	283 
42	194 
43	53 
44	160 
45	27 
46	208 
47	2 
48	277 
49	139 
50	110 
51	7 
52	183 
53	199 
54	32 
55	197 
56	211 
57	300 
58	155 
59	254 
60	188 
61	237 
62	265 
63	210 
64	240 
65	279 
66	254 
67	111 
68	83 
69	224 
70	207 
71	24 
72	225 
73	127 
74	42 
75	214 
76	7 
77	56 
78	127 
79	303 
80	253 
81	150 
82	160 
83	99 
84	144 
85	109 
86	258 
87	152 
88	66 
89	121 
90	115 
91	106 
92	202 
93	31 
94	220 
95	42 
96	110 
97	70 
98	60 
99	262 
100	260 
101	282 
102	276 
103	131 
104	102 
105	255 
106	268 
107	237 
108	12 
109	56 
110	299 
111	120 
112	6 
113	242 
114	244 
115	182 
116	266 
117	58 
118	296 
119	298 
120	155 
121	144 
122	179 
123	166 
124	296 
125	250 
126	132 
127	20 
128	46 
129	107 
130	192 
131	114 
132	207 
133	161 
134	243 
135	263 
136	172 
137	23 
138	222 
139	233 
140	148 
141	186 
142	91 
143	56 
144	166 
145	46 
146	168 
147	290 
148	165 
149	250 
150	101 
151	159 
152	47 
153	31 
154	207 
155	260 
156	189 
157	252 
158	244 
159	303 
160	125 
161	162 
162	95 
163	263 
164	203 
165	13 
166	160 
167	62 
168	58 
169	237 
170	159 
171	87 
172	233 
173	133 
174	217 
175	6 
176	26 
177	33 
178	142 
179	55 
180	67 
181	264 
182	50 
183	53 
184	7 
185	47 
186	138 
187	197 
188	46 
189	39 
190	82 
191	134 
192	36 
193	111 
194	261 
195	138 
196	13 
197	51 
198	276 
199	188 
200	182 
201	180 
202	108 
203	9 
204	64 
205	212 
206	130 
207	53 
208	180 
209	204 
210	111 
211	28 
212	172 
213	169 
214	144 
215	294 
216	147 
217	242 
218	69 
219	96 
220	137 
221	279 
222	139 
223	123 
224	230 
225	183 
226	36 
227	76 
228	73 
229	124 
230	4 
231	240 
232	126 
233	151 
234	23 
235	234 
236	221 
237	139 
238	257 
239	57 
240	300 
241	48 
242	13 
243	299 
244	179 
245	75 
246	290 
247	22 
248	276 
249	270 
250	258 
251	71 
252	79 
253	185 
254	49 
255	100 
256	221 
257	36 
258	199 
259	283 
260	204 
261	284 
262	109 
263	204 
264	243 
265	286 
266	105 
267	295 
268	134 
269	74 
270	301 
271	40 
272	60 
273	286 
274	127 
275	43 
276	231 
277	122 
278	4 
279	143 
280	251 
281	33 
282	89 
283	125 
284	275 
285	153 
286	271 
287	261 
288	209 
289	104 
290	239 
291	111 
292	253 
293	116 
294	104 
295	61 
296	45 
297	236 
298	200 
299	275 
300	215 
301	208 
302	240 
303	125 
304	124 
305	23 
306	253 
307	221 
308	28 
309	240 
310	31 
311	27 
312	266 
313	288 
314	175 
315	192 
316	162 
317	113 
318	205 
319	145 
320	251 
321	175 
322	234 
323	101 
324	186 
325	262 
326	198 
327	43 
328	2 
329	294 
330	152 
331	285 
332	1 
333	232 
334	178 
335	116 
336	279 
337	191 
338	32 
339	23 
340	30 
341	294 
342	28 
343	125 
344	59 
345	151 
346	221 
347	102 
348	6 
349	303 
350	113 
351	293 
352	149 
353	119 
354	244 
355	283 
356	140 
357	283 
358	201 
359	98 
360	169 
361	247 
362	195 
363	14 
364	247 
365	88 
366	134 
367	20 
368	120 
369	61 
370	160 
371	46 
372	240 
373	55 
374	165 
375	174 
376	141 
377	61 
378	117 
379	189 
380	145 
381	199 
382	65 
383	236 
384	191 
385	124 
386	125 
387	162 
388	248 
389	50 
390	106 
391	200 
392	22 
393	89 
394	288 
395	85 
396	266 
397	233 
398	203 
399	217 
400	27 
401	148 
402	256 
403	261 
404	186 
405	141 
406	293 
407	15 
408	117 
409	150 
410	30 
411	158 
412	117 
413	73 
414	56 
415	230 
416	63 
417	198 
418	36 
419	64 
420	113 
421	86 
422	245 
423	28 
424	129 
425	250 
426	91 
427	4 
428	253 
429	116 
430	25 
431	124 
432	2 
433	218 
434	151 
435	3 
436	80 
437	36 
438	39 
439	206 
440	56 
441	14 
442	74 
443	30 
444	101 
445	174 
446	134 
447	67 
448	101 
449	165 
450	73 
451	98 
452	271 
453	135 
454	105 
455	106 
456	162 
457	285 
458	96 
459	59 
460	16 
461	284 
462	196 
463	21 
464	288 
465	25 
466	166 
467	187 
468	85 
469	248 
470	121 
471	168 
472	134 
473	182 
474	263 
475	107 
476	110 
477	106 
478	145 
479	152 
480	149 
481	115 
482	127 
483	197 
484	65 
485	302 
486	110 
487	271 
488	250 
489	219 
490	192 
491	141 
492	165 
493	66 
494	16 
495	71 
496	65 
497	186 
498	17 
499	84 
500	133 
501	67 
502	65 
503	283 
504	287 
505	54 
506	102 
507	209 
508	72 
509	170 
510	281 
511	140 
512	41 
513	4 
514	35 
515	107 
516	221 
517	10 
518	213 
519	240 
520	240 
521	60 
522	39 
523	17 
524	149 
525	117 
526	118 
527	215 
528	49 
529	170 
530	34 
531	266 
532	19 
533	202 
534	240 
535	234 
536	290 
537	20 
538	10 
539	172 
540	121 
541	146 
542	9 
543	163 
544	226 
545	110 
546	33 
547	72 
548	209 
549	242 
550	1 
551	50 
552	253 
553	41 
554	202 
555	66 
556	225 
557	155 
558	205 
559	146 
560	96 
561	292 
562	27 
563	252 
564	283 
565	142 
566	285 
567	286 
568	141 
569	208 
570	104 
571	129 
572	71 
573	45 
574	282 
575	85 
576	45 
577	25 
578	39 
579	234 
580	172 
581	194 
582	243 
583	252 
584	171 
585	183 
586	83 
587	192 
588	287 
589	231 
590	251 
591	101 
592	103 
593	2 
594	30 
595	288 
596	120 
597	176 
598	56 
599	146 
600	117 
601	87 
602	20 
603	273 
604	215 
605	74 
606	187 
607	3 
608	57 
609	165 
610	108 
611	225 
612	235 
613	56 
614	45 
615	277 
616	130 
617	261 
618	209 
619	178 
620	114 
621	55 
622	42 
623	275 
624	196 
625	253 
626	275 
627	61 
628	127 
629	56 
630	218 
631	242 
632	198 
633	276 
634	90 
635	153 
636	276 
637	137 
638	165 
639	70 
640	111 
641	89 
642	217 
643	274 
644	284 
645	50 
646	33 
647	140 
648	295 
649	51 
650	92 
651	28 
652	188 
653	203 
654	155 
655	214 
656	173 
657	15 
658	200 
659	228 
660	251 
661	188 
662	189 
663	188 
664	218 
665	51 
666	135 
667	3 
668	255 
669	166 
670	144 
671	99 
672	212 
673	212 
674	121 
675	5 
676	234 
677	14 
678	228 
679	116 
680	11 
681	212 
682	235 
683	39 
684	165 
685	229 
686	122 
687	81 
688	209 
689	21 
690	281 
691	106 
692	117 
693	104 
694	251 
695	169 
696	76 
697	216 
698	205 
699	114 
700	166 
701	238 
702	64 
703	96 
704	262 
705	259 
706	301 
707	45 
708	197 
709	123 
710	229 
711	144 
712	104 
713	272 
714	45 
715	127 
716	168 
717	167 
718	279 
719	183 
720	19 
721	144 
722	31 
723	161 
724	273 
725	117 
726	235 
727	19 
728	209 
729	203 
730	283 
731	42 
732	258 
733	276 
734	209 
735	235 
736	252 
737	301 
738	257 
739	27 
740	56 
741	91 
742	194 
743	276 
744	156 
745	246 
746	101 
747	114 
748	191 
749	92 
750	92 
751	91 
752	64 
753	177 
754	80 
755	283 
756	212 
757	40 
758	158 
759	167 
760	244 
761	36 
762	266 
763	129 
764	24 
765	28 
766	235 
767	61 
768	140 
769	48 
770	166 
771	13 
772	197 
773	261 
774	3 
775	139 
776	280 
777	239 
778	241 
779	176 
780	193 
781	42 
782	231 
783	25 
784	56 
785	129 
786	169 
787	154 
788	93 
789	164 
790	172 
791	232 
792	102 
793	260 
794	142 
795	214 
796	294 
797	102 
798	92 
799	246 
800	270 
801	178 
802	174 
803	265 
804	200 
805	201 
806	43 
807	239 
808	92 
809	64 
810	34 
811	78 
812	200 
813	263 
814	300 
815	233 
816	54 
817	240 
818	266 
819	205 
820	43 
821	207 
822	299 
823	30 
824	76 
825	217 
826	223 
827	204 
828	151 
829	89 
830	285 
831	54 
832	212 
833	58 
834	160 
835	216 
836	228 
837	266 
838	279 
839	92 
840	139 
841	151 
842	234 
843	75 
844	183 
845	171 
846	134 
847	22 
848	29 
849	149 
850	238 
851	290 
852	181 
853	177 
854	113 
855	179 
856	23 
857	230 
858	174 
859	242 
860	202 
861	143 
862	183 
863	119 
864	172 
865	202 
866	129 
867	271 
868	86 
869	162 
870	183 
871	24 
872	93 
873	172 
874	219 
875	183 
876	256 
877	42 
878	209 
879	303 
880	290 
881	151 
882	84 
883	267 
884	284 
885	208 
886	202 
887	19 
888	212 
889	48 
890	225 
891	15 
892	146 
893	184 
894	135 
895	55 
896	272 
897	52 
898	209 
899	92 
900	302 
901	289 
902	77 
903	123 
904	205 
905	155 
906	244 
907	71 
908	266 
909	201 
910	45 
911	130 
912	282 
913	24 
914	287 
915	38 
916	238 
917	291 
918	18 
919	234 
920	34 
921	41 
922	106 
923	60 
924	285 
925	181 
926	65 
927	55 
928	297 
929	205 
930	197 
931	175 
932	129 
933	260 
934	22 
935	175 
936	293 
937	11 
938	179 
939	153 
940	220 
941	227 
942	133 
943	263 
944	122 
945	291 
946	89 
947	294 
948	156 
949	264 
950	91 
951	231 
952	158 
953	60 
954	48 
955	46 
956	231 
957	286 
958	74 
959	163 
960	228 
961	164 
962	148 
963	226 
964	142 
965	271 
966	124 
967	16 
968	228 
969	116 
970	55 
971	249 
972	25 
973	208 
974	185 
975	22 
976	109 
977	203 
978	180 
979	185 
980	159 
981	260 
982	23 
983	216 
984	2 
985	159 
986	166 
987	151 
988	48 
989	283 
990	127 
991	303 
992	136 
993	141 
994	271 
995	237 
996	220 
997	81 
998	290 
999	139 
1000	283 
1001	126 
1002	223 
1003	139 
1004	281 
1005	88 
1006	34 
1007	126 
1008	285 
1009	151 
1010	294 
1011	162 
1012	36 
1013	32 
1014	209 
1015	118 
1016	14 
1017	274 
1018	242 
1019	232 
1020	182 
1021	173 
1022	186 
1023	269 
1024	23 
1025	277 
1026	266 
1027	163 
1028	266 
1029	295 
1030	103 
1031	97 
1032	48 
1033	267 
1034	238 
1035	93 
1036	302 
1037	194 
1038	58 
1039	164 
1040	126 
1041	41 
1042	68 
1043	40 
1044	227 
1045	121 
1046	60 
1047	263 
1048	110 
1049	117 
1050	196 
1051	13 
1052	128 
1053	101 
1054	14 
1055	297 
1056	71 
1057	103 
1058	52 
1059	249 
1060	281 
1061	61 
1062	59 
1063	80 
1064	23 
1065	255 
1066	113 
1067	66 
1068	172 
1069	147 
1070	293 
1071	280 
1072	5 
1073	189 
1074	149 
1075	117 
1076	153 
1077	100 
1078	252 
1079	84 
1080	148 
1081	230 
1082	74 
1083	30 
1084	133 
1085	6 
1086	175 
1087	303 
1088	110 
1089	65 
1090	55 
1091	187 
1092	218 
1093	111 
1094	93 
1095	193 
1096	136 
1097	44 
1098	21 
1099	290 
1100	31 
1101	284 
1102	12 
1103	195 
1104	152 
1105	97 
1106	96 
1107	204 
1108	151 
1109	126 
1110	80 
1111	258 
1112	201 
1113	147 
1114	293 
1115	202 
1116	191 
1117	38 
1118	190 
1119	297 
1120	122 
1121	133 
1122	126 
1123	264 
1124	102 
1125	265 
1126	14 
1127	97 
1128	232 
1129	293 
1130	197 
1131	81 
1132	61 
1133	35 
1134	243 
1135	44 
1136	188 
1137	204 
1138	287 
1139	62 
1140	259 
1141	225 
1142	63 
1143	110 
1144	9 
1145	95 
1146	128 
1147	201 
1148	119 
1149	167 
1150	266 
1151	302 
1152	64 
1153	48 
1154	5 
1155	256 
1156	276 
1157	137 
1158	168 
1159	210 
1160	238 
1161	188 
1162	162 
1163	122 
1164	19 
1165	157 
1166	293 
1167	20 
1168	190 
1169	184 
1170	81 
1171	29 
1172	51 
1173	107 
1174	57 
1175	47 
1176	300 
1177	7 
1178	162 
1179	77 
1180	27 
1181	133 
1182	201 
1183	118 
1184	100 
1185	129 
1186	245 
1187	153 
1188	241 
1189	161 
1190	41 
1191	34 
1192	70 
1193	86 
1194	139 
1195	65 
1196	242 
1197	86 
1198	260 
1199	168 
1200	225 
1201	229 
1202	204 
1203	288 
1204	72 
1205	155 
1206	25 
1207	61 
1208	130 
1209	237 
1210	12 
1211	203 
1212	200 
1213	74 
1214	224 
1215	160 
1216	100 
1217	262 
1218	257 
1219	190 
1220	147 
1221	226 
1222	242 
1223	101 
1224	265 
1225	199 
1226	238 
1227	91 
1228	200 
1229	56 
1230	8 
1231	33 
1232	185 
1233	155 
1234	10 
1235	186 
1236	288 
1237	125 
1238	210 
1239	198 
1240	88 
1241	272 
1242	232 
1243	257 
1244	197 
1245	230 
1246	203 
1247	269 
1248	303 
1249	139 
1250	75 
1251	97 
1252	197 
1253	5 
1254	130 
1255	231 
1256	225 
1257	214 
1258	46 
1259	92 
1260	75 
1261	303 
1262	50 
1263	233 
1264	110 
1265	94 
1266	187 
1267	230 
1268	162 
1269	72 
1270	214 
1271	159 
1272	248 
1273	188 
1274	228 
1275	91 
1276	126 
1277	36 
1278	102 
1279	241 
1280	211 
1281	251 
1282	107 
1283	2 
1284	232 
1285	86 
1286	291 
1287	251 
1288	74 
1289	60 
1290	189 
1291	273 
1292	232 
1293	130 
1294	296 
1295	221 
1296	153 
1297	165 
1298	145 
1299	42 
1300	97 
1301	143 
1302	122 
1303	17 
1304	211 
1305	204 
1306	264 
1307	202 
1308	251 
1309	127 
1310	137 
1311	299 
1312	54 
1313	196 
1314	201 
1315	83 
1316	82 
1317	137 
1318	263 
1319	219 
1320	69 
1321	193 
1322	300 
1323	221 
1324	14 
1325	252 
1326	287 
1327	244 
1328	39 
1329	206 
1330	17 
1331	279 
1332	112 
1333	60 
1334	204 
1335	28 
1336	295 
1337	69 
1338	49 
1339	104 
1340	162 
1341	104 
1342	265 
1343	24 
1344	56 
1345	104 
1346	57 
1347	207 
1348	70 
1349	79 
1350	77 
1351	257 
1352	153 
1353	89 
1354	109 
1355	135 
1356	287 
1357	209 
1358	91 
1359	217 
1360	169 
1361	217 
1362	144 
1363	156 
1364	218 
1365	90 
1366	51 
1367	104 
1368	178 
1369	281 
1370	76 
1371	249 
1372	303 
1373	185 
1374	162 
1375	86 
1376	296 
1377	112 
1378	80 
1379	255 
1380	196 
1381	102 
1382	191 
1383	224 
1384	243 
1385	131 
1386	203 
1387	223 
1388	173 
1389	218 
1390	141 
1391	181 
1392	248 
1393	12 
1394	44 
1395	248 
1396	48 
1397	254 
1398	121 
1399	102 
1400	279 
1401	228 
1402	47 
1403	213 
1404	164 
1405	36 
1406	132 
1407	76 
1408	223 
1409	303 
1410	296 
1411	261 
1412	263 
1413	226 
1414	251 
1415	19 
1416	70 
1417	39 
1418	32 
1419	23 
1420	198 
1421	22 
1422	112 
1423	157 
1424	258 
1425	14 
1426	287 
1427	299 
1428	210 
1429	196 
1430	59 
1431	134 
1432	98 
1433	290 
1434	271 
1435	300 
1436	29 
1437	283 
1438	3 
1439	189 
1440	279 
1441	1 
1442	36 
1443	297 
1444	239 
1445	141 
1446	270 
1447	20 
1448	29 
1449	282 
1450	173 
1451	78 
1452	137 
1453	104 
1454	36 
1455	142 
1456	89 
1457	184 
1458	108 
1459	204 
1460	93 
1461	156 
1462	207 
1463	302 
1464	167 
1465	57 
1466	11 
1467	231 
1468	300 
1469	132 
1470	89 
1471	198 
1472	105 
1473	97 
1474	184 
1475	40 
1476	191 
1477	46 
1478	109 
1479	160 
1480	291 
1481	186 
1482	138 
1483	97 
1484	129 
1485	104 
1486	236 
1487	116 
1488	277 
1489	82 
1490	129 
1491	17 
1492	36 
1493	31 
1494	46 
1495	56 
1496	6 
1497	115 
1498	124 
1499	60 
1500	199 
1501	128 
1502	154 
1503	109 
1504	191 
1505	148 
1506	290 
1507	8 
1508	249 
1509	63 
1510	225 
1511	280 
1512	126 
1513	167 
1514	66 
1515	168 
1516	41 
1517	194 
1518	172 
1519	35 
1520	226 
1521	71 
1522	179 
1523	103 
1524	230 
1525	130 
1526	22 
1527	283 
1528	254 
1529	2 
1530	239 
1531	149 
1532	284 
1533	166 
1534	195 
1535	84 
1536	73 
1537	106 
1538	229 
1539	279 
1540	129 
1541	45 
1542	260 
1543	39 
1544	258 
1545	54 
1546	275 
1547	125 
1548	106 
1549	126 
1550	152 
1551	153 
1552	143 
1553	146 
1554	64 
1555	170 
1556	60 
1557	86 
1558	246 
1559	153 
1560	225 
1561	232 
1562	5 
1563	229 
1564	27 
1565	111 
1566	75 
1567	288 
1568	44 
1569	260 
1570	36 
1571	214 
1572	119 
1573	116 
1574	229 
1575	96 
1576	83 
1577	33 
1578	273 
1579	167 
1580	169 
1581	273 
1582	301 
1583	255 
1584	277 
1585	271 
1586	285 
1587	256 
1588	104 
1589	122 
1590	162 
1591	79 
1592	191 
1593	1 
1594	77 
1595	221 
1596	197 
1597	9 
1598	209 
1599	301 
1600	283 
1601	72 
1602	233 
1603	25 
1604	231 
1605	183 
1606	93 
1607	153 
1608	204 
1609	154 
1610	126 
1611	86 
1612	152 
1613	117 
1614	174 
1615	112 
1616	125 
1617	151 
1618	78 
1619	85 
1620	201 
1621	209 
1622	210 
1623	251 
1624	91 
1625	167 
1626	266 
1627	55 
1628	114 
1629	73 
1630	188 
1631	159 
1632	82 
1633	193 
1634	220 
1635	177 
1636	154 
1637	63 
1638	87 
1639	164 
1640	2 
1641	53 
1642	233 
1643	298 
1644	58 
1645	101 
1646	83 
1647	159 
1648	92 
1649	236 
1650	260 
1651	15 
1652	140 
1653	213 
1654	295 
1655	7 
1656	277 
1657	49 
1658	152 
1659	39 
1660	116 
1661	292 
1662	185 
1663	80 
1664	287 
1665	144 
1666	55 
1667	290 
1668	273 
1669	60 
1670	231 
1671	188 
1672	52 
1673	163 
1674	185 
1675	174 
1676	17 
1677	109 
1678	214 
1679	232 
1680	101 
1681	277 
1682	177 
1683	189 
1684	200 
1685	256 
1686	92 
1687	195 
1688	209 
1689	27 
1690	8 
1691	288 
1692	263 
1693	146 
1694	181 
1695	303 
1696	237 
1697	165 
1698	295 
1699	223 
1700	111 
1701	302 
1702	149 
1703	27 
1704	125 
1705	234 
1706	163 
1707	194 
1708	2 
1709	20 
1710	30 
1711	74 
1712	296 
1713	93 
1714	217 
1715	282 
1716	43 
1717	185 
1718	56 
1719	255 
1720	293 
1721	277 
1722	225 
1723	205 
1724	80 
1725	76 
1726	21 
1727	161 
1728	127 
1729	87 
1730	120 
1731	163 
1732	277 
1733	29 
1734	44 
1735	11 
1736	57 
1737	109 
1738	92 
1739	129 
1740	301 
1741	258 
1742	190 
1743	44 
1744	295 
1745	177 
1746	257 
1747	156 
1748	247 
1749	64 
1750	81 
1751	93 
1752	80 
1753	67 
1754	113 
1755	182 
1756	151 
1757	272 
1758	220 
1759	137 
1760	134 
1761	258 
1762	301 
1763	260 
1764	270 
1765	208 
1766	244 
1767	238 
1768	21 
1769	26 
1770	39 
1771	105 
1772	36 
1773	125 
1774	102 
1775	268 
1776	222 
1777	42 
1778	215 
1779	64 
1780	95 
1781	62 
1782	282 
1783	218 
1784	30 
1785	153 
1786	65 
1787	50 
1788	133 
1789	258 
1790	72 
1791	53 
1792	271 
1793	125 
1794	165 
1795	298 
1796	265 
1797	164 
1798	121 
1799	17 
1800	104 
1801	192 
1802	260 
1803	193 
1804	161 
1805	198 
1806	7 
1807	38 
1808	48 
1809	60 
1810	207 
1811	93 
1812	20 
1813	215 
1814	274 
1815	230 
1816	137 
1817	20 
1818	18 
1819	290 
1820	137 
1821	199 
1822	92 
1823	39 
1824	181 
1825	246 
1826	291 
1827	31 
1828	79 
1829	122 
1830	149 
1831	178 
1832	268 
1833	107 
1834	132 
1835	72 
1836	277 
1837	104 
1838	30 
1839	31 
1840	154 
1841	161 
1842	111 
1843	4 
1844	22 
1845	142 
1846	222 
1847	253 
1848	130 
1849	115 
1850	168 
1851	4 
1852	220 
1853	12 
1854	87 
1855	194 
1856	248 
1857	198 
1858	180 
1859	302 
1860	303 
1861	71 
1862	99 
1863	101 
1864	241 
1865	176 
1866	204 
1867	244 
1868	51 
1869	174 
1870	118 
1871	115 
1872	115 
1873	29 
1874	46 
1875	290 
1876	299 
1877	104 
1878	124 
1879	279 
1880	173 
1881	291 
1882	202 
1883	13 
1884	42 
1885	45 
1886	223 
1887	288 
1888	229 
1889	89 
1890	290 
1891	282 
1892	3 
1893	118 
1894	268 
1895	12 
1896	46 
1897	180 
1898	3 
1899	176 
1900	87 
1901	197 
1902	209 
1903	178 
1904	248 
1905	294 
1906	290 
1907	31 
1908	299 
1909	109 
1910	225 
1911	87 
1912	111 
1913	113 
1914	124 
1915	183 
1916	229 
1917	197 
1918	77 
1919	187 
1920	152 
1921	227 
1922	175 
1923	214 
1924	232 
1925	18 
1926	61 
1927	165 
1928	158 
1929	186 
1930	242 
1931	210 
1932	45 
1933	195 
1934	217 
1935	147 
1936	232 
1937	72 
1938	33 
1939	151 
1940	4 
1941	19 
1942	184 
1943	300 
1944	270 
1945	135 
1946	56 
1947	97 
1948	230 
1949	16 
1950	14 
1951	70 
1952	102 
1953	284 
1954	9 
1955	198 
1956	61 
1957	44 
1958	295 
1959	82 
1960	273 
1961	54 
1962	263 
1963	134 
1964	11 
1965	116 
1966	154 
1967	88 
1968	63 
1969	301 
1970	194 
1971	158 
1972	50 
1973	225 
1974	252 
1975	266 
1976	75 
1977	134 
1978	166 
1979	30 
1980	127 
1981	283 
1982	257 
1983	233 
1984	276 
1985	225 
1986	288 
1987	254 
1988	36 
1989	135 
1990	135 
1991	191 
1992	102 
1993	258 
1994	16 
1995	227 
1996	281 
1997	241 
1998	153 
1999	171 
2000	87 
2001	299 
2002	93 
2003	186 
2004	3 
2005	214 
2006	293 
2007	80 
2008	283 
2009	66 
2010	111 
2011	161 
2012	2 
2013	127 
2014	66 
2015	113 
2016	228 
2017	246 
2018	294 
2019	255 
2020	27 
2021	155 
2022	22 
2023	211 
2024	118 
2025	181 
2026	208 
2027	150 
2028	285 
2029	37 
2030	173 
2031	160 
2032	293 
2033	209 
2034	146 
2035	261 
2036	268 
2037	251 
2038	194 
2039	126 
2040	98 
2041	1 
2042	86 
2043	97 
2044	266 
2045	287 
2046	260 
2047	293 
2048	282 
2049	176 
2050	141 
2051	57 
2052	213 
2053	230 
2054	46 
2055	243 
2056	122 
2057	233 
2058	178 
2059	199 
2060	85 
2061	54 
2062	2 
2063	79 
2064	98 
2065	242 
2066	203 
2067	296 
2068	228 
2069	275 
2070	190 
2071	197 
2072	230 
2073	8 
2074	60 
2075	205 
2076	216 
2077	301 
2078	172 
2079	271 
2080	225 
2081	100 
2082	96 
2083	97 
2084	129 
2085	81 
2086	127 
2087	24 
2088	292 
2089	256 
2090	230 
2091	99 
2092	28 
2093	109 
2094	280 
2095	186 
2096	84 
2097	3 
2098	248 
2099	17 
2100	291 
2101	95 
2102	33 
2103	145 
2104	52 
2105	241 
2106	191 
2107	197 
2108	290 
2109	188 
2110	146 
2111	296 
2112	136 
2113	284 
2114	230 
2115	214 
2116	7 
2117	69 
2118	30 
2119	101 
2120	242 
2121	76 
2122	166 
2123	105 
2124	94 
2125	279 
2126	146 
2127	81 
2128	24 
2129	232 
2130	35 
2131	63 
2132	45 
2133	266 
2134	45 
2135	276 
2136	110 
2137	295 
2138	246 
2139	218 
2140	40 
2141	3 
2142	39 
2143	3 
2144	34 
2145	186 
2146	209 
2147	208 
2148	244 
2149	247 
2150	46 
2151	134 
2152	52 
2153	252 
2154	145 
2155	210 
2156	34 
2157	246 
2158	180 
2159	64 
2160	115 
2161	236 
2162	244 
2163	163 
2164	151 
2165	127 
2166	225 
2167	28 
2168	106 
2169	40 
2170	170 
2171	47 
2172	19 
2173	291 
2174	268 
2175	64 
2176	164 
2177	129 
2178	182 
2179	108 
2180	272 
2181	126 
2182	116 
2183	204 
2184	85 
2185	301 
2186	13 
2187	88 
2188	271 
2189	70 
2190	21 
2191	131 
2192	118 
2193	283 
2194	97 
2195	31 
2196	250 
2197	52 
2198	96 
2199	224 
2200	294 
2201	287 
2202	251 
2203	233 
2204	213 
2205	148 
2206	63 
2207	295 
2208	239 
2209	290 
2210	173 
2211	40 
2212	160 
2213	60 
2214	221 
2215	267 
2216	116 
2217	73 
2218	287 
2219	107 
2220	72 
2221	71 
2222	96 
2223	42 
2224	228 
2225	151 
2226	197 
2227	272 
2228	4 
2229	226 
2230	100 
2231	90 
2232	243 
2233	273 
2234	279 
2235	113 
2236	241 
2237	293 
2238	228 
2239	230 
2240	272 
2241	20 
2242	22 
2243	103 
2244	65 
2245	29 
2246	153 
2247	266 
2248	185 
2249	143 
2250	67 
2251	172 
2252	200 
2253	89 
2254	202 
2255	225 
2256	270 
2257	277 
2258	13 
2259	101 
2260	236 
2261	171 
2262	167 
2263	11 
2264	277 
2265	202 
2266	220 
2267	98 
2268	133 
2269	191 
2270	154 
2271	234 
2272	17 
2273	177 
2274	220 
2275	220 
2276	284 
2277	82 
2278	64 
2279	232 
2280	191 
2281	105 
2282	8 
2283	228 
2284	299 
2285	233 
2286	188 
2287	120 
2288	90 
2289	182 
2290	139 
2291	25 
2292	52 
2293	267 
2294	148 
2295	172 
2296	44 
2297	125 
2298	268 
2299	218 
2300	171 
2301	213 
2302	115 
2303	237 
2304	213 
2305	299 
2306	148 
2307	83 
2308	255 
2309	262 
2310	101 
2311	130 
2312	169 
2313	146 
2314	253 
2315	132 
2316	149 
2317	90 
2318	285 
2319	137 
2320	218 
2321	54 
2322	271 
2323	37 
2324	262 
2325	100 
2326	34 
2327	69 
2328	231 
2329	251 
2330	93 
2331	159 
2332	214 
2333	84 
2334	165 
2335	176 
2336	104 
2337	42 
2338	130 
2339	260 
2340	47 
2341	68 
2342	103 
2343	226 
2344	247 
2345	26 
2346	254 
2347	102 
2348	14 
2349	64 
2350	289 
2351	36 
2352	94 
2353	202 
2354	287 
2355	177 
2356	286 
2357	23 
2358	106 
2359	109 
2360	240 
2361	40 
2362	128 
2363	56 
2364	204 
2365	151 
2366	5 
2367	23 
2368	300 
2369	19 
2370	257 
2371	254 
2372	6 
2373	89 
2374	164 
2375	221 
2376	206 
2377	119 
2378	55 
2379	115 
2380	110 
2381	74 
2382	7 
2383	91 
2384	131 
2385	101 
2386	260 
2387	296 
2388	44 
2389	205 
2390	67 
2391	76 
2392	269 
2393	97 
2394	129 
2395	100 
2396	69 
2397	228 
2398	86 
2399	62 
2400	48 
2401	86 
2402	221 
2403	248 
2404	86 
2405	249 
2406	55 
2407	276 
2408	46 
2409	213 
2410	261 
2411	234 
2412	152 
2413	138 
2414	25 
2415	114 
2416	290 
2417	283 
2418	214 
2419	107 
2420	218 
2421	288 
2422	278 
2423	122 
2424	125 
2425	178 
2426	241 
2427	79 
2428	293 
2429	146 
2430	296 
2431	81 
2432	11 
2433	178 
2434	170 
2435	75 
2436	43 
2437	142 
2438	128 
2439	101 
2440	45 
2441	84 
2442	237 
2443	243 
2444	62 
2445	187 
2446	151 
2447	303 
2448	117 
2449	13 
2450	171 
2451	60 
2452	33 
2453	181 
2454	287 
2455	58 
2456	293 
2457	273 
2458	217 
2459	97 
2460	279 
2461	66 
2462	180 
2463	204 
2464	121 
2465	201 
2466	53 
2467	253 
2468	229 
2469	10 
2470	127 
2471	39 
2472	54 
2473	255 
2474	222 
2475	70 
2476	204 
2477	141 
2478	149 
2479	146 
2480	248 
2481	89 
2482	172 
2483	142 
2484	220 
2485	155 
2486	240 
2487	63 
2488	243 
2489	225 
2490	203 
2491	68 
2492	204 
2493	73 
2494	181 
2495	121 
2496	40 
2497	235 
2498	142 
2499	146 
2500	171 
2501	65 
2502	103 
2503	54 
2504	184 
2505	211 
2506	301 
2507	140 
2508	4 
2509	25 
2510	147 
2511	141 
2512	104 
2513	198 
2514	83 
2515	207 
2516	296 
2517	179 
2518	18 
2519	10 
2520	178 
2521	64 
2522	255 
2523	93 
2524	210 
2525	303 
2526	252 
2527	113 
2528	61 
2529	198 
2530	239 
2531	299 
2532	41 
2533	236 
2534	248 
2535	4 
2536	165 
2537	107 
2538	86 
2539	264 
2540	100 
2541	92 
2542	281 
2543	60 
2544	109 
2545	230 
2546	50 
2547	215 
2548	241 
2549	92 
2550	277 
2551	266 
2552	15 
2553	222 
2554	260 
2555	98 
2556	200 
2557	189 
2558	289 
2559	80 
2560	14 
2561	218 
2562	149 
2563	253 
2564	193 
2565	138 
2566	83 
2567	143 
2568	57 
2569	106 
2570	207 
2571	154 
2572	282 
2573	220 
2574	301 
2575	280 
2576	229 
2577	230 
2578	297 
2579	157 
2580	228 
2581	31 
2582	136 
2583	284 
2584	260 
2585	51 
2586	174 
2587	147 
2588	157 
2589	257 
2590	172 
2591	217 
2592	22 
2593	14 
2594	160 
2595	133 
2596	154 
2597	129 
2598	86 
2599	199 
2600	274 
2601	265 
2602	48 
2603	252 
2604	23 
2605	302 
2606	34 
2607	13 
2608	75 
2609	269 
2610	50 
2611	213 
2612	19 
2613	245 
2614	234 
2615	142 
2616	229 
2617	89 
2618	192 
2619	19 
2620	47 
2621	73 
2622	218 
2623	193 
2624	89 
2625	88 
2626	220 
2627	93 
2628	107 
2629	1 
2630	233 
2631	216 
2632	141 
2633	116 
2634	174 
2635	124 
2636	110 
2637	84 
2638	174 
2639	124 
2640	170 
2641	84 
2642	106 
2643	109 
2644	184 
2645	60 
2646	257 
2647	191 
2648	2 
2649	203 
2650	207 
2651	214 
2652	193 
2653	189 
2654	297 
2655	84 
2656	62 
2657	244 
2658	40 
2659	198 
2660	87 
2661	78 
2662	39 
2663	196 
2664	224 
2665	227 
2666	77 
2667	33 
2668	154 
2669	236 
2670	226 
2671	210 
2672	159 
2673	40 
2674	188 
2675	28 
2676	6 
2677	202 
2678	273 
2679	298 
2680	71 
2681	246 
2682	281 
2683	156 
2684	219 
2685	218 
2686	109 
2687	265 
2688	275 
2689	134 
2690	251 
2691	41 
2692	11 
2693	45 
2694	28 
2695	204 
2696	284 
2697	279 
2698	241 
2699	180 
2700	212 
2701	42 
2702	291 
2703	257 
2704	53 
2705	104 
2706	55 
2707	145 
2708	160 
2709	44 
2710	70 
2711	172 
2712	291 
2713	51 
2714	291 
2715	270 
2716	168 
2717	193 
2718	48 
2719	1 
2720	277 
2721	171 
2722	37 
2723	168 
2724	211 
2725	107 
2726	276 
2727	42 
2728	248 
2729	56 
2730	199 
2731	272 
2732	268 
2733	188 
2734	267 
2735	300 
2736	281 
2737	240 
2738	181 
2739	196 
2740	294 
2741	248 
2742	67 
2743	88 
2744	302 
2745	225 
2746	287 
2747	119 
2748	227 
2749	169 
2750	191 
2751	168 
2752	92 
2753	248 
2754	199 
2755	90 
2756	35 
2757	198 
2758	301 
2759	271 
2760	60 
2761	110 
2762	24 
2763	45 
2764	207 
2765	7 
2766	287 
2767	91 
2768	244 
2769	162 
2770	8 
2771	298 
2772	111 
2773	162 
2774	150 
2775	225 
2776	252 
2777	3 
2778	224 
2779	19 
2780	126 
2781	115 
2782	111 
2783	77 
2784	122 
2785	177 
2786	104 
2787	223 
2788	110 
2789	20 
2790	32 
2791	57 
2792	27 
2793	130 
2794	209 
2795	243 
2796	57 
2797	242 
2798	204 
2799	64 
2800	145 
2801	128 
2802	210 
2803	288 
2804	253 
2805	146 
2806	265 
2807	29 
2808	249 
2809	68 
2810	232 
2811	248 
2812	38 
2813	292 
2814	293 
2815	35 
2816	165 
2817	31 
2818	58 
2819	249 
2820	212 
2821	185 
2822	117 
2823	79 
2824	37 
2825	281 
2826	4 
2827	166 
2828	289 
2829	280 
2830	172 
2831	36 
2832	291 
2833	19 
2834	104 
2835	24 
2836	81 
2837	71 
2838	301 
2839	48 
2840	254 
2841	73 
2842	158 
2843	22 
2844	82 
2845	197 
2846	187 
2847	112 
2848	151 
2849	226 
2850	128 
2851	229 
2852	113 
2853	259 
2854	168 
2855	76 
2856	211 
2857	130 
2858	33 
2859	33 
2860	146 
2861	127 
2862	34 
2863	270 
2864	92 
2865	225 
2866	194 
2867	117 
2868	164 
2869	223 
2870	155 
2871	290 
2872	197 
2873	54 
2874	70 
2875	19 
2876	103 
2877	302 
2878	251 
2879	147 
2880	6 
2881	59 
2882	134 
2883	119 
2884	177 
2885	75 
2886	50 
2887	39 
2888	46 
2889	142 
2890	64 
2891	282 
2892	275 
2893	163 
2894	207 
2895	172 
2896	119 
2897	204 
2898	9 
2899	119 
2900	215 
2901	168 
2902	39 
2903	30 
2904	117 
2905	194 
2906	42 
2907	268 
2908	253 
2909	124 
2910	279 
2911	198 
2912	106 
2913	215 
2914	145 
2915	234 
2916	248 
2917	106 
2918	75 
2919	61 
2920	8 
2921	129 
2922	190 
2923	94 
2924	86 
2925	182 
2926	126 
2927	47 
2928	177 
2929	157 
2930	179 
2931	70 
2932	51 
2933	65 
2934	34 
2935	238 
2936	209 
2937	123 
2938	224 
2939	129 
2940	242 
2941	76 
2942	53 
2943	62 
2944	142 
2945	236 
2946	145 
2947	98 
2948	24 
2949	92 
2950	261 
2951	183 
2952	112 
2953	54 
2954	37 
2955	124 
2956	298 
2957	192 
2958	302 
2959	90 
2960	55 
2961	288 
2962	227 
2963	298 
2964	11 
2965	133 
2966	151 
2967	253 
2968	128 
2969	162 
2970	190 
2971	179 
2972	178 
2973	246 
2974	212 
2975	29 
2976	121 
2977	115 
2978	60 
2979	116 
2980	147 
2981	52 
2982	97 
2983	206 
2984	133 
2985	278 
2986	149 
2987	23 
2988	4 
2989	81 
2990	2 
2991	232 
2992	125 
2993	286 
2994	54 
2995	238 
2996	195 
2997	95 
2998	149 
2999	143 
3000	38 
3001	87 
3002	288 
3003	222 
3004	303 
3005	254 
3006	230 
3007	166 
3008	158 
3009	149 
3010	199 
3011	34 
3012	221 
3013	87 
3014	54 
3015	28 
3016	92 
3017	226 
3018	101 
3019	65 
3020	234 
3021	245 
3022	171 
3023	62 
3024	234 
3025	139 
3026	284 
3027	269 
3028	228 
3029	57 
3030	138 
3031	55 
3032	94 
3033	221 
3034	44 
3035	32 
3036	231 
3037	267 
3038	20 
3039	217 
3040	214 
3041	149 
3042	170 
3043	128 
3044	190 
3045	303 
3046	8 
3047	174 
3048	11 
3049	186 
3050	19 
3051	93 
3052	300 
3053	11 
3054	126 
3055	23 
3056	298 
3057	296 
3058	228 
3059	45 
3060	252 
3061	258 
3062	54 
3063	151 
3064	119 
3065	229 
3066	271 
3067	206 
3068	80 
3069	298 
3070	234 
3071	103 
3072	302 
3073	34 
3074	209 
3075	64 
3076	206 
3077	256 
3078	140 
3079	296 
3080	236 
3081	216 
3082	82 
3083	142 
3084	65 
3085	76 
3086	132 
3087	88 
3088	210 
3089	282 
3090	27 
3091	284 
3092	214 
3093	268 
3094	18 
3095	238 
3096	26 
3097	186 
3098	206 
3099	130 
3100	55 
3101	81 
3102	11 
3103	230 
3104	97 
3105	117 
3106	252 
3107	109 
3108	225 
3109	97 
3110	4 
3111	228 
3112	206 
3113	118 
3114	15 
3115	24 
3116	53 
3117	101 
3118	251 
3119	220 
3120	68 
3121	177 
3122	183 
3123	179 
3124	30 
3125	14 
3126	79 
3127	28 
3128	290 
3129	82 
3130	234 
3131	297 
3132	31 
3133	134 
3134	58 
3135	168 
3136	121 
3137	224 
3138	169 
3139	158 
3140	141 
3141	40 
3142	281 
3143	243 
3144	183 
3145	284 
3146	274 
3147	33 
3148	14 
3149	73 
3150	297 
3151	295 
3152	223 
3153	249 
3154	240 
3155	193 
3156	80 
3157	201 
3158	172 
3159	16 
3160	15 
3161	287 
3162	210 
3163	84 
3164	34 
3165	174 
3166	64 
3167	183 
3168	276 
3169	118 
3170	254 
3171	279 
3172	102 
3173	230 
3174	2 
3175	89 
3176	70 
3177	195 
3178	210 
3179	244 
3180	21 
3181	98 
3182	65 
3183	80 
3184	252 
3185	4 
3186	272 
3187	279 
3188	55 
3189	55 
3190	162 
3191	137 
3192	197 
3193	281 
3194	205 
3195	233 
3196	100 
3197	122 
3198	183 
3199	75 
3200	118 
3201	88 
3202	132 
3203	258 
3204	83 
3205	49 
3206	76 
3207	116 
3208	17 
3209	281 
3210	247 
3211	153 
3212	77 
3213	78 
3214	59 
3215	260 
3216	286 
3217	230 
3218	41 
3219	148 
3220	154 
3221	233 
3222	64 
3223	196 
3224	266 
3225	30 
3226	130 
3227	210 
3228	21 
3229	94 
3230	144 
3231	72 
3232	52 
3233	71 
3234	216 
3235	301 
3236	149 
3237	214 
3238	42 
3239	169 
3240	22 
3241	76 
3242	4 
3243	131 
3244	128 
3245	182 
3246	26 
3247	291 
3248	57 
3249	294 
3250	51 
3251	23 
3252	134 
3253	239 
3254	223 
3255	75 
3256	220 
3257	148 
3258	7 
3259	244 
3260	57 
3261	126 
3262	211 
3263	86 
3264	232 
3265	94 
3266	123 
3267	11 
3268	251 
3269	279 
3270	258 
3271	303 
3272	197 
3273	142 
3274	189 
3275	88 
3276	272 
3277	235 
3278	242 
3279	146 
3280	191 
3281	20 
3282	52 
3283	55 
3284	20 
3285	123 
3286	129 
3287	303 
3288	254 
3289	291 
3290	23 
3291	39 
3292	132 
3293	293 
3294	155 
3295	7 
3296	260 
3297	120 
3298	166 
3299	52 
3300	99 
3301	27 
3302	106 
3303	269 
3304	35 
3305	71 
3306	192 
3307	92 
3308	146 
3309	27 
3310	38 
3311	219 
3312	84 
3313	159 
3314	157 
3315	1 
3316	68 
3317	82 
3318	237 
3319	293 
3320	292 
3321	234 
3322	291 
3323	49 
3324	147 
3325	44 
3326	151 
3327	153 
3328	287 
3329	64 
3330	276 
3331	142 
3332	22 
3333	131 
3334	172 
3335	19 
3336	291 
3337	273 
3338	42 
3339	14 
3340	71 
3341	177 
3342	266 
3343	183 
3344	168 
3345	216 
3346	24 
3347	104 
3348	291 
3349	159 
3350	252 
3351	215 
3352	263 
3353	64 
3354	163 
3355	158 
3356	141 
3357	52 
3358	63 
3359	6 
3360	232 
3361	133 
3362	270 
3363	169 
3364	139 
3365	160 
3366	36 
3367	74 
3368	89 
3369	284 
3370	97 
3371	21 
3372	103 
3373	120 
3374	96 
3375	176 
3376	181 
3377	303 
3378	126 
3379	240 
3380	32 
3381	84 
3382	44 
3383	47 
3384	103 
3385	39 
3386	27 
3387	116 
3388	275 
3389	285 
3390	125 
3391	23 
3392	46 
3393	74 
3394	189 
3395	281 
3396	68 
3397	132 
3398	249 
3399	233 
3400	265 
3401	75 
3402	229 
3403	17 
3404	117 
3405	179 
3406	299 
3407	220 
3408	27 
3409	245 
3410	285 
3411	217 
3412	34 
3413	248 
3414	49 
3415	87 
3416	139 
3417	272 
3418	160 
3419	172 
3420	254 
3421	143 
3422	4 
3423	193 
3424	10 
3425	195 
3426	186 
3427	209 
3428	185 
3429	121 
3430	65 
3431	278 
3432	216 
3433	117 
3434	295 
3435	176 
3436	89 
3437	101 
3438	287 
3439	21 
3440	217 
3441	70 
3442	145 
3443	248 
3444	243 
3445	98 
3446	109 
3447	31 
3448	154 
3449	229 
3450	207 
3451	154 
3452	266 
3453	105 
3454	235 
3455	231 
3456	12 
3457	230 
3458	14 
3459	208 
3460	71 
3461	61 
3462	244 
3463	136 
3464	277 
3465	6 
3466	233 
3467	229 
3468	151 
3469	119 
3470	22 
3471	218 
3472	245 
3473	201 
3474	291 
3475	133 
3476	51 
3477	113 
3478	98 
3479	9 
3480	251 
3481	289 
3482	271 
3483	64 
3484	83 
3485	48 
3486	156 
3487	61 
3488	224 
3489	202 
3490	40 
3491	23 
3492	107 
3493	25 
3494	221 
3495	96 
3496	151 
3497	140 
3498	300 
3499	186 
3500	220 
3501	264 
3502	79 
3503	283 
3504	241 
3505	243 
3506	174 
3507	161 
3508	256 
3509	59 
3510	87 
3511	90 
3512	160 
3513	255 
3514	249 
3515	286 
3516	264 
3517	284 
3518	138 
3519	142 
3520	60 
3521	291 
3522	35 
3523	160 
3524	217 
3525	97 
3526	147 
3527	205 
3528	218 
3529	83 
3530	275 
3531	101 
3532	196 
3533	217 
3534	46 
3535	80 
3536	276 
3537	279 
3538	129 
3539	198 
3540	300 
3541	106 
3542	180 
3543	4 
3544	75 
3545	253 
3546	182 
3547	262 
3548	265 
3549	258 
3550	201 
3551	79 
3552	200 
3553	173 
3554	156 
3555	19 
3556	141 
3557	248 
3558	229 
3559	215 
3560	142 
3561	4 
3562	137 
3563	100 
3564	60 
3565	20 
3566	211 
3567	53 
3568	260 
3569	232 
3570	127 
3571	64 
3572	206 
3573	281 
3574	32 
3575	197 
3576	36 
3577	238 
3578	29 
3579	215 
3580	276 
3581	299 
3582	104 
3583	94 
3584	283 
3585	242 
3586	37 
3587	126 
3588	106 
3589	2 
3590	297 
3591	2 
3592	61 
3593	272 
3594	272 
3595	35 
3596	178 
3597	139 
3598	94 
3599	119 
3600	214 
3601	287 
3602	152 
3603	230 
3604	168 
3605	17 
3606	148 
3607	31 
3608	271 
3609	121 
3610	248 
3611	210 
3612	159 
3613	141 
3614	52 
3615	111 
3616	84 
3617	165 
3618	67 
3619	203 
3620	87 
3621	38 
3622	271 
3623	271 
3624	274 
3625	52 
3626	86 
3627	256 
3628	137 
3629	31 
3630	119 
3631	205 
3632	194 
3633	256 
3634	66 
3635	290 
3636	278 
3637	146 
3638	141 
3639	276 
3640	153 
3641	187 
3642	122 
3643	67 
3644	33 
3645	42 
3646	80 
3647	174 
3648	103 
3649	32 
3650	220 
3651	246 
3652	272 
3653	74 
3654	288 
3655	211 
3656	216 
3657	43 
3658	39 
3659	87 
3660	71 
3661	251 
3662	194 
3663	156 
3664	16 
3665	34 
3666	252 
3667	76 
3668	225 
3669	146 
3670	189 
3671	14 
3672	209 
3673	252 
3674	118 
3675	60 
3676	274 
3677	121 
3678	26 
3679	215 
3680	102 
3681	56 
3682	103 
3683	184 
3684	176 
3685	146 
3686	38 
3687	99 
3688	18 
3689	40 
3690	249 
3691	297 
3692	78 
3693	272 
3694	34 
3695	156 
3696	218 
3697	45 
3698	2 
3699	56 
3700	203 
3701	193 
3702	235 
3703	53 
3704	49 
3705	133 
3706	207 
3707	294 
3708	35 
3709	88 
3710	23 
3711	186 
3712	77 
3713	115 
3714	194 
3715	148 
3716	206 
3717	166 
3718	110 
3719	1 
3720	133 
3721	21 
3722	229 
3723	178 
3724	151 
3725	110 
3726	292 
3727	202 
3728	160 
3729	267 
3730	16 
3731	300 
3732	111 
3733	205 
3734	28 
3735	260 
3736	56 
3737	212 
3738	297 
3739	69 
3740	44 
3741	170 
3742	225 
3743	23 
3744	56 
3745	104 
3746	150 
3747	303 
3748	164 
3749	204 
3750	277 
3751	293 
3752	13 
3753	30 
3754	10 
3755	185 
3756	52 
3757	180 
3758	176 
3759	88 
3760	92 
3761	183 
3762	72 
3763	297 
3764	203 
3765	94 
3766	217 
3767	96 
3768	295 
3769	22 
3770	110 
3771	101 
3772	115 
3773	262 
3774	189 
3775	80 
3776	148 
3777	5 
3778	217 
3779	141 
3780	36 
3781	170 
3782	175 
3783	264 
3784	168 
3785	42 
3786	27 
3787	276 
3788	138 
3789	255 
3790	58 
3791	132 
3792	245 
3793	301 
3794	242 
3795	149 
3796	62 
3797	99 
3798	299 
3799	169 
3800	129 
3801	131 
3802	303 
3803	41 
3804	219 
3805	219 
3806	227 
3807	178 
3808	25 
3809	283 
3810	146 
3811	82 
3812	273 
3813	253 
3814	199 
3815	119 
3816	264 
3817	255 
3818	103 
3819	297 
3820	31 
3821	168 
3822	186 
3823	64 
3824	292 
3825	28 
3826	189 
3827	169 
3828	208 
3829	129 
3830	109 
3831	5 
3832	83 
3833	272 
3834	246 
3835	289 
3836	62 
3837	236 
3838	179 
3839	42 
3840	204 
3841	45 
3842	55 
3843	147 
3844	226 
3845	249 
3846	240 
3847	221 
3848	4 
3849	299 
3850	137 
3851	59 
3852	7 
3853	197 
3854	105 
3855	71 
3856	88 
3857	231 
3858	9 
3859	74 
3860	171 
3861	115 
3862	108 
3863	52 
3864	99 
3865	190 
3866	8 
3867	212 
3868	162 
3869	1 
3870	139 
3871	231 
3872	221 
3873	120 
3874	192 
3875	66 
3876	199 
3877	5 
3878	280 
3879	126 
3880	92 
3881	10 
3882	177 
3883	72 
3884	160 
3885	61 
3886	224 
3887	112 
3888	296 
3889	248 
3890	56 
3891	90 
3892	133 
3893	19 
3894	33 
3895	103 
3896	48 
3897	27 
3898	214 
3899	121 
3900	290 
3901	242 
3902	283 
3903	76 
3904	133 
3905	209 
3906	159 
3907	295 
3908	251 
3909	221 
3910	10 
3911	102 
3912	109 
3913	126 
3914	137 
3915	266 
3916	5 
3917	279 
3918	36 
3919	64 
3920	83 
3921	84 
3922	164 
3923	227 
3924	299 
3925	250 
3926	14 
3927	261 
3928	136 
3929	303 
3930	38 
3931	182 
3932	226 
3933	205 
3934	292 
3935	229 
3936	67 
3937	94 
3938	177 
3939	281 
3940	213 
3941	149 
3942	223 
3943	103 
3944	272 
3945	253 
3946	135 
3947	110 
3948	234 
3949	239 
3950	130 
3951	216 
3952	140 
3953	221 
3954	66 
3955	104 
3956	169 
3957	173 
3958	129 
3959	134 
3960	249 
3961	8 
3962	156 
3963	113 
3964	210 
3965	114 
3966	154 
3967	190 
3968	5 
3969	6 
3970	133 
3971	202 
3972	174 
3973	119 
3974	222 
3975	57 
3976	104 
3977	73 
3978	182 
3979	56 
3980	236 
3981	138 
3982	141 
3983	7 
3984	172 
3985	67 
3986	168 
3987	72 
3988	184 
3989	160 
3990	107 
3991	225 
3992	26 
3993	106 
3994	37 
3995	284 
3996	103 
3997	130 
3998	132 
3999	58 
4000	170 
4001	48 
4002	156 
4003	221 
4004	11 
4005	67 
4006	20 
4007	70 
4008	26 
4009	87 
4010	225 
4011	158 
4012	34 
4013	7 
4014	80 
4015	55 
4016	66 
4017	179 
4018	272 
4019	118 
4020	115 
4021	257 
4022	83 
4023	265 
4024	64 
4025	298 
4026	253 
4027	242 
4028	124 
4029	149 
4030	252 
4031	221 
4032	150 
4033	272 
4034	186 
4035	28 
4036	178 
4037	161 
4038	35 
4039	88 
4040	169 
4041	41 
4042	299 
4043	10 
4044	285 
4045	108 
4046	279 
4047	238 
4048	156 
4049	260 
4050	264 
4051	42 
4052	235 
4053	216 
4054	239 
4055	51 
4056	201 
4057	169 
4058	226 
4059	29 
4060	147 
4061	268 
4062	246 
4063	256 
4064	103 
4065	174 
4066	279 
4067	61 
4068	189 
4069	77 
4070	107 
4071	110 
4072	233 
4073	88 
4074	164 
4075	241 
4076	150 
4077	52 
4078	249 
4079	117 
4080	162 
4081	202 
4082	253 
4083	238 
4084	216 
4085	15 
4086	257 
4087	95 
4088	286 
4089	89 
4090	38 
4091	59 
4092	4 
4093	3 
4094	79 
4095	56 
4096	266 
4097	291 
4098	114 
4099	140 
4100	107 
4101	67 
4102	31 
4103	242 
4104	103 
4105	43 
4106	82 
4107	189 
4108	76 
4109	17 
4110	38 
4111	225 
4112	150 
4113	266 
4114	101 
4115	241 
4116	31 
4117	58 
4118	275 
4119	155 
4120	301 
4121	189 
4122	133 
4123	263 
4124	217 
4125	110 
4126	290 
4127	182 
4128	132 
4129	268 
4130	301 
4131	55 
4132	20 
4133	120 
4134	248 
4135	34 
4136	76 
4137	182 
4138	101 
4139	37 
4140	61 
4141	27 
4142	255 
4143	119 
4144	238 
4145	52 
4146	198 
4147	206 
4148	250 
4149	107 
4150	34 
4151	198 
4152	296 
4153	129 
4154	281 
4155	107 
4156	136 
4157	207 
4158	116 
4159	237 
4160	145 
4161	21 
4162	161 
4163	151 
4164	139 
4165	150 
4166	31 
4167	285 
4168	35 
4169	106 
4170	198 
4171	221 
4172	9 
4173	130 
4174	300 
4175	19 
4176	225 
4177	200 
4178	114 
4179	232 
4180	101 
4181	42 
4182	139 
4183	228 
4184	154 
4185	161 
4186	76 
4187	182 
4188	29 
4189	246 
4190	246 
4191	41 
4192	116 
4193	282 
4194	172 
4195	134 
4196	293 
4197	16 
4198	196 
4199	85 
4200	252 
4201	88 
4202	91 
4203	97 
4204	144 
4205	225 
4206	145 
4207	191 
4208	272 
4209	46 
4210	200 
4211	121 
4212	172 
4213	183 
4214	192 
4215	275 
4216	257 
4217	288 
4218	126 
4219	113 
4220	120 
4221	89 
4222	178 
4223	247 
4224	260 
4225	300 
4226	40 
4227	88 
4228	209 
4229	127 
4230	55 
4231	221 
4232	27 
4233	119 
4234	287 
4235	225 
4236	11 
4237	86 
4238	82 
4239	277 
4240	172 
4241	101 
4242	104 
4243	84 
4244	44 
4245	45 
4246	220 
4247	224 
4248	133 
4249	216 
4250	231 
4251	183 
4252	51 
4253	9 
4254	279 
4255	6 
4256	230 
4257	268 
4258	142 
4259	260 
4260	50 
4261	193 
4262	121 
4263	212 
4264	283 
4265	294 
4266	300 
4267	82 
4268	223 
4269	221 
4270	193 
4271	2 
4272	54 
4273	94 
4274	36 
4275	110 
4276	218 
4277	234 
4278	28 
4279	269 
4280	189 
4281	148 
4282	135 
4283	278 
4284	18 
4285	173 
4286	178 
4287	216 
4288	95 
4289	98 
4290	1 
4291	207 
4292	164 
4293	198 
4294	84 
4295	9 
4296	58 
4297	296 
4298	19 
4299	199 
4300	244 
4301	56 
4302	113 
4303	259 
4304	69 
4305	255 
4306	113 
4307	192 
4308	42 
4309	257 
4310	220 
4311	280 
4312	33 
4313	301 
4314	293 
4315	54 
4316	200 
4317	130 
4318	278 
4319	135 
4320	130 
4321	7 
4322	240 
4323	199 
4324	129 
4325	253 
4326	248 
4327	217 
4328	110 
4329	31 
4330	125 
4331	1 
4332	93 
4333	76 
4334	207 
4335	66 
4336	229 
4337	146 
4338	169 
4339	240 
4340	283 
4341	239 
4342	231 
4343	124 
4344	221 
4345	157 
4346	156 
4347	245 
4348	267 
4349	51 
4350	73 
4351	36 
4352	41 
4353	5 
4354	29 
4355	7 
4356	196 
4357	296 
4358	42 
4359	204 
4360	55 
4361	279 
4362	219 
4363	166 
4364	114 
4365	66 
4366	55 
4367	249 
4368	122 
4369	195 
4370	268 
4371	31 
4372	148 
4373	109 
4374	27 
4375	280 
4376	32 
4377	177 
4378	162 
4379	69 
4380	9 
4381	270 
4382	52 
4383	64 
4384	175 
4385	285 
4386	278 
4387	182 
4388	256 
4389	73 
4390	138 
4391	19 
4392	96 
4393	177 
4394	265 
4395	41 
4396	146 
4397	30 
4398	160 
4399	119 
4400	123 
4401	288 
4402	107 
4403	99 
4404	90 
4405	241 
4406	278 
4407	116 
4408	39 
4409	245 
4410	222 
4411	119 
4412	212 
4413	8 
4414	6 
4415	96 
4416	198 
4417	186 
4418	39 
4419	195 
4420	141 
4421	133 
4422	92 
4423	59 
4424	102 
4425	256 
4426	134 
4427	192 
4428	62 
4429	96 
4430	122 
4431	65 
4432	170 
4433	240 
4434	43 
4435	111 
4436	243 
4437	94 
4438	139 
4439	96 
4440	268 
4441	192 
4442	197 
4443	281 
4444	111 
4445	278 
4446	300 
4447	15 
4448	104 
4449	108 
4450	166 
4451	84 
4452	145 
4453	51 
4454	207 
4455	251 
4456	140 
4457	220 
4458	208 
4459	166 
4460	134 
4461	247 
4462	247 
4463	245 
4464	292 
4465	214 
4466	297 
4467	51 
4468	231 
4469	211 
4470	69 
4471	227 
4472	51 
4473	179 
4474	291 
4475	125 
4476	65 
4477	284 
4478	84 
4479	187 
4480	262 
4481	232 
4482	102 
4483	179 
4484	282 
4485	85 
4486	136 
4487	269 
4488	13 
4489	87 
4490	228 
4491	66 
4492	101 
4493	141 
4494	51 
4495	79 
4496	9 
4497	39 
4498	119 
4499	255 
4500	170 
4501	51 
4502	209 
4503	237 
4504	190 
4505	44 
4506	252 
4507	205 
4508	161 
4509	126 
4510	202 
4511	230 
4512	168 
4513	135 
4514	253 
4515	165 
4516	274 
4517	266 
4518	57 
4519	20 
4520	180 
4521	245 
4522	272 
4523	134 
4524	60 
4525	168 
4526	75 
4527	244 
4528	165 
4529	270 
4530	133 
4531	13 
4532	141 
4533	235 
4534	89 
4535	142 
4536	254 
4537	281 
4538	165 
4539	104 
4540	14 
4541	125 
4542	237 
4543	34 
4544	51 
4545	202 
4546	107 
4547	87 
4548	129 
4549	255 
4550	19 
4551	69 
4552	155 
4553	92 
4554	253 
4555	83 
4556	186 
4557	120 
4558	255 
4559	296 
4560	295 
4561	291 
4562	213 
4563	212 
4564	266 
4565	28 
4566	106 
4567	240 
4568	187 
4569	82 
4570	262 
4571	56 
4572	181 
4573	46 
4574	222 
4575	233 
4576	116 
4577	286 
4578	200 
4579	184 
4580	218 
4581	88 
4582	225 
4583	162 
4584	53 
4585	78 
4586	98 
4587	260 
4588	104 
4589	282 
4590	287 
4591	268 
4592	195 
4593	137 
4594	268 
4595	51 
4596	159 
4597	162 
4598	51 
4599	41 
4600	161 
4601	280 
4602	44 
4603	279 
4604	113 
4605	107 
4606	272 
4607	137 
4608	268 
4609	229 
4610	196 
4611	268 
4612	54 
4613	109 
4614	109 
4615	90 
4616	1 
4617	74 
4618	261 
4619	287 
4620	72 
4621	294 
4622	108 
4623	293 
4624	293 
4625	83 
4626	162 
4627	81 
4628	209 
4629	95 
4630	27 
4631	270 
4632	192 
4633	67 
4634	202 
4635	188 
4636	55 
4637	130 
4638	277 
4639	119 
4640	77 
4641	58 
4642	68 
4643	254 
4644	241 
4645	212 
4646	257 
4647	57 
4648	35 
4649	107 
4650	49 
4651	256 
4652	280 
4653	74 
4654	46 
4655	242 
4656	57 
4657	3 
4658	178 
4659	52 
4660	259 
4661	52 
4662	225 
4663	97 
4664	153 
4665	94 
4666	224 
4667	22 
4668	45 
4669	167 
4670	109 
4671	107 
4672	274 
4673	24 
4674	285 
4675	136 
4676	236 
4677	252 
4678	290 
4679	26 
4680	39 
4681	239 
4682	46 
4683	141 
4684	42 
4685	48 
4686	54 
4687	44 
4688	193 
4689	273 
4690	13 
4691	82 
4692	5 
4693	218 
4694	89 
4695	178 
4696	231 
4697	212 
4698	254 
4699	115 
4700	135 
4701	232 
4702	266 
4703	126 
4704	158 
4705	174 
4706	267 
4707	21 
4708	93 
4709	203 
4710	22 
4711	217 
4712	300 
4713	23 
4714	26 
4715	127 
4716	189 
4717	195 
4718	238 
4719	159 
4720	123 
4721	107 
4722	172 
4723	47 
4724	279 
4725	202 
4726	2 
4727	113 
4728	45 
4729	90 
4730	257 
4731	57 
4732	139 
4733	244 
4734	134 
4735	83 
4736	63 
4737	74 
4738	43 
4739	160 
4740	199 
4741	213 
4742	33 
4743	168 
4744	251 
4745	234 
4746	105 
4747	184 
4748	9 
4749	102 
4750	102 
4751	35 
4752	16 
4753	191 
4754	102 
4755	25 
4756	84 
4757	113 
4758	81 
4759	207 
4760	31 
4761	150 
4762	68 
4763	118 
4764	109 
4765	67 
4766	273 
4767	212 
4768	142 
4769	172 
4770	103 
4771	303 
4772	7 
4773	160 
4774	209 
4775	259 
4776	83 
4777	302 
4778	189 
4779	252 
4780	87 
4781	53 
4782	63 
4783	238 
4784	139 
4785	111 
4786	279 
4787	296 
4788	83 
4789	224 
4790	20 
4791	114 
4792	117 
4793	33 
4794	121 
4795	292 
4796	257 
4797	188 
4798	20 
4799	294 
4800	293 
4801	276 
4802	143 
4803	272 
4804	71 
4805	155 
4806	107 
4807	280 
4808	12 
4809	159 
4810	97 
4811	86 
4812	19 
4813	82 
4814	121 
4815	278 
4816	268 
4817	269 
4818	146 
4819	103 
4820	184 
4821	134 
4822	222 
4823	126 
4824	199 
4825	278 
4826	89 
4827	128 
4828	116 
4829	256 
4830	183 
4831	49 
4832	109 
4833	257 
4834	21 
4835	277 
4836	68 
4837	209 
4838	204 
4839	4 
4840	80 
4841	112 
4842	77 
4843	116 
4844	178 
4845	60 
4846	22 
4847	277 
4848	100 
4849	124 
4850	208 
4851	166 
4852	6 
4853	63 
4854	174 
4855	175 
4856	184 
4857	119 
4858	138 
4859	151 
4860	297 
4861	79 
4862	27 
4863	104 
4864	58 
4865	74 
4866	201 
4867	279 
4868	241 
4869	278 
4870	20 
4871	64 
4872	303 
4873	130 
4874	295 
4875	115 
4876	146 
4877	56 
4878	78 
4879	18 
4880	179 
4881	126 
4882	256 
4883	107 
4884	41 
4885	56 
4886	189 
4887	42 
4888	220 
4889	293 
4890	53 
4891	24 
4892	197 
4893	231 
4894	28 
4895	53 
4896	81 
4897	241 
4898	200 
4899	88 
4900	142 
4901	21 
4902	125 
4903	2 
4904	206 
4905	228 
4906	262 
4907	166 
4908	258 
4909	5 
4910	74 
4911	231 
4912	82 
4913	66 
4914	186 
4915	105 
4916	67 
4917	178 
4918	287 
4919	223 
4920	58 
4921	71 
4922	138 
4923	25 
4924	95 
4925	92 
4926	87 
4927	127 
4928	125 
4929	301 
4930	78 
4931	93 
4932	249 
4933	63 
4934	19 
4935	89 
4936	73 
4937	3 
4938	79 
4939	260 
4940	138 
4941	117 
4942	92 
4943	82 
4944	273 
4945	115 
4946	292 
4947	106 
4948	266 
4949	152 
4950	80 
4951	268 
4952	36 
4953	219 
4954	24 
4955	226 
4956	181 
4957	220 
4958	272 
4959	260 
4960	160 
4961	50 
4962	161 
4963	269 
4964	194 
4965	298 
4966	236 
4967	70 
4968	245 
4969	62 
4970	171 
4971	234 
4972	261 
4973	213 
4974	227 
4975	191 
4976	76 
4977	197 
4978	20 
4979	221 
4980	171 
4981	41 
4982	288 
4983	39 
4984	256 
4985	18 
4986	138 
4987	180 
4988	177 
4989	276 
4990	157 
4991	229 
4992	19 
4993	47 
4994	210 
4995	301 
4996	32 
4997	119 
4998	58 
4999	90 
5000	209 
5001	107 
5002	90 
5003	142 
5004	192 
5005	117 
5006	60 
5007	82 
5008	159 
5009	29 
5010	125 
5011	277 
5012	82 
5013	16 
5014	240 
5015	40 
5016	173 
5017	199 
5018	64 
5019	226 
5020	159 
5021	27 
5022	196 
5023	295 
5024	147 
5025	207 
5026	271 
5027	183 
5028	280 
5029	280 
5030	257 
5031	116 
5032	25 
5033	140 
5034	47 
5035	145 
5036	106 
5037	282 
5038	138 
5039	90 
5040	88 
5041	142 
5042	131 
5043	281 
5044	107 
5045	65 
5046	34 
5047	93 
5048	27 
5049	120 
5050	295 
5051	191 
5052	183 
5053	151 
5054	240 
5055	146 
5056	29 
5057	287 
5058	107 
5059	51 
5060	247 
5061	172 
5062	289 
5063	267 
5064	2 
5065	172 
5066	176 
5067	202 
5068	80 
5069	121 
5070	239 
5071	126 
5072	254 
5073	82 
5074	87 
5075	170 
5076	262 
5077	3 
5078	177 
5079	285 
5080	14 
5081	98 
5082	89 
5083	249 
5084	139 
5085	74 
5086	166 
5087	4 
5088	87 
5089	230 
5090	170 
5091	132 
5092	229 
5093	89 
5094	296 
5095	99 
5096	260 
5097	216 
5098	46 
5099	40 
5100	177 
5101	248 
5102	275 
5103	46 
5104	178 
5105	286 
5106	287 
5107	24 
5108	285 
5109	119 
5110	192 
5111	74 
5112	118 
5113	74 
5114	37 
5115	277 
5116	222 
5117	207 
5118	231 
5119	262 
5120	29 
5121	211 
5122	168 
5123	120 
5124	302 
5125	249 
5126	217 
5127	3 
5128	8 
5129	153 
5130	173 
5131	142 
5132	116 
5133	217 
5134	156 
5135	276 
5136	225 
5137	234 
5138	134 
5139	118 
5140	93 
5141	182 
5142	228 
5143	140 
5144	253 
5145	164 
5146	39 
5147	134 
5148	110 
5149	91 
5150	34 
5151	11 
5152	105 
5153	253 
5154	230 
5155	123 
5156	253 
5157	214 
5158	302 
5159	179 
5160	217 
5161	42 
5162	146 
5163	4 
5164	221 
5165	255 
5166	40 
5167	246 
5168	256 
5169	27 
5170	33 
5171	241 
5172	283 
5173	17 
5174	289 
5175	11 
5176	139 
5177	41 
5178	88 
5179	134 
5180	284 
5181	162 
5182	299 
5183	232 
5184	286 
5185	14 
5186	299 
5187	271 
5188	250 
5189	246 
5190	129 
5191	83 
5192	5 
5193	146 
5194	298 
5195	164 
5196	146 
5197	61 
5198	243 
5199	187 
5200	262 
5201	64 
5202	191 
5203	261 
5204	102 
5205	226 
5206	162 
5207	204 
5208	271 
5209	35 
5210	61 
5211	209 
5212	122 
5213	72 
5214	60 
5215	97 
5216	233 
5217	230 
5218	162 
5219	199 
5220	145 
5221	12 
5222	87 
5223	229 
5224	193 
5225	285 
5226	299 
5227	184 
5228	251 
5229	240 
5230	293 
5231	246 
5232	82 
5233	95 
5234	77 
5235	225 
5236	245 
5237	146 
5238	35 
5239	293 
5240	39 
5241	145 
5242	201 
5243	231 
5244	80 
5245	282 
5246	93 
5247	67 
5248	61 
5249	248 
5250	29 
5251	6 
5252	273 
5253	290 
5254	237 
5255	228 
5256	156 
5257	192 
5258	48 
5259	113 
5260	248 
5261	255 
5262	249 
5263	142 
5264	256 
5265	140 
5266	64 
5267	41 
5268	290 
5269	13 
5270	230 
5271	210 
5272	153 
5273	210 
5274	207 
5275	168 
5276	217 
5277	188 
5278	21 
5279	225 
5280	169 
5281	199 
5282	243 
5283	11 
5284	214 
5285	212 
5286	125 
5287	206 
5288	20 
5289	166 
5290	63 
5291	175 
5292	178 
5293	226 
5294	131 
5295	146 
5296	196 
5297	142 
5298	151 
5299	58 
5300	71 
5301	123 
5302	34 
5303	291 
5304	253 
5305	59 
5306	166 
5307	89 
5308	260 
5309	55 
5310	280 
5311	47 
5312	212 
5313	168 
5314	84 
5315	21 
5316	253 
5317	131 
5318	221 
5319	95 
5320	233 
5321	238 
5322	105 
5323	78 
5324	228 
5325	98 
5326	186 
5327	67 
5328	50 
5329	164 
5330	3 
5331	119 
5332	174 
5333	133 
5334	114 
5335	175 
5336	204 
5337	258 
5338	4 
5339	127 
5340	195 
5341	202 
5342	195 
5343	178 
5344	74 
5345	3 
5346	197 
5347	255 
5348	46 
5349	46 
5350	9 
5351	93 
5352	224 
5353	243 
5354	160 
5355	137 
5356	259 
5357	82 
5358	118 
5359	106 
5360	124 
5361	254 
5362	115 
5363	207 
5364	271 
5365	28 
5366	13 
5367	278 
5368	245 
5369	59 
5370	175 
5371	294 
5372	188 
5373	182 
5374	201 
5375	122 
5376	205 
5377	112 
5378	19 
5379	183 
5380	172 
5381	51 
5382	235 
5383	262 
5384	221 
5385	241 
5386	144 
5387	138 
5388	271 
5389	82 
5390	56 
5391	138 
5392	267 
5393	222 
5394	116 
5395	296 
5396	116 
5397	3 
5398	33 
5399	39 
5400	8 
5401	84 
5402	70 
5403	123 
5404	143 
5405	198 
5406	84 
5407	242 
5408	111 
5409	66 
5410	291 
5411	128 
5412	161 
5413	2 
5414	165 
5415	81 
5416	141 
5417	289 
5418	220 
5419	182 
5420	214 
5421	129 
5422	80 
5423	140 
5424	177 
5425	292 
5426	34 
5427	168 
5428	242 
5429	111 
5430	3 
5431	150 
5432	290 
5433	118 
5434	96 
5435	151 
5436	132 
5437	72 
5438	244 
5439	238 
5440	206 
5441	77 
5442	167 
5443	202 
5444	10 
5445	178 
5446	134 
5447	56 
5448	186 
5449	209 
5450	19 
5451	116 
5452	264 
5453	46 
5454	272 
5455	233 
5456	64 
5457	31 
5458	34 
5459	168 
5460	21 
5461	262 
5462	216 
5463	184 
5464	191 
5465	237 
5466	4 
5467	256 
5468	184 
5469	207 
5470	251 
5471	211 
5472	274 
5473	239 
5474	222 
5475	301 
5476	249 
5477	256 
5478	112 
5479	54 
5480	51 
5481	111 
5482	18 
5483	133 
5484	162 
5485	248 
5486	102 
5487	169 
5488	198 
5489	90 
5490	228 
5491	166 
5492	13 
5493	195 
5494	76 
5495	199 
5496	173 
5497	285 
5498	4 
5499	197 
5500	108 
5501	281 
5502	205 
5503	165 
5504	20 
5505	46 
5506	285 
5507	255 
5508	303 
5509	243 
5510	43 
5511	189 
5512	88 
5513	42 
5514	297 
5515	146 
5516	94 
5517	255 
5518	169 
5519	231 
5520	189 
5521	144 
5522	137 
5523	73 
5524	124 
5525	241 
5526	169 
5527	80 
5528	218 
5529	216 
5530	51 
5531	69 
5532	100 
5533	187 
5534	60 
5535	284 
5536	70 
5537	238 
5538	293 
5539	71 
5540	251 
5541	154 
5542	284 
5543	243 
5544	256 
5545	253 
5546	105 
5547	76 
5548	12 
5549	90 
5550	69 
5551	168 
5552	248 
5553	102 
5554	267 
5555	4 
5556	152 
5557	55 
5558	255 
5559	169 
5560	280 
5561	36 
5562	48 
5563	274 
5564	238 
5565	80 
5566	295 
5567	184 
5568	54 
5569	210 
5570	101 
5571	13 
5572	133 
5573	61 
5574	202 
5575	146 
5576	216 
5577	254 
5578	139 
5579	26 
5580	56 
5581	90 
5582	116 
5583	298 
5584	191 
5585	196 
5586	217 
5587	14 
5588	68 
5589	221 
5590	151 
5591	289 
5592	83 
5593	228 
5594	52 
5595	266 
5596	220 
5597	192 
5598	71 
5599	103 
5600	300 
5601	232 
5602	173 
5603	55 
5604	175 
5605	93 
5606	200 
5607	218 
5608	264 
5609	55 
5610	296 
5611	23 
5612	283 
5613	226 
5614	125 
5615	260 
5616	14 
5617	50 
5618	214 
5619	277 
5620	51 
5621	233 
5622	254 
5623	177 
5624	119 
5625	253 
5626	195 
5627	231 
5628	106 
5629	273 
5630	3 
5631	300 
5632	266 
5633	184 
5634	254 
5635	126 
5636	7 
5637	143 
5638	116 
5639	277 
5640	253 
5641	121 
5642	79 
5643	71 
5644	218 
5645	139 
5646	49 
5647	97 
5648	154 
5649	129 
5650	15 
5651	97 
5652	196 
5653	189 
5654	301 
5655	244 
5656	210 
5657	164 
5658	247 
5659	79 
5660	287 
5661	170 
5662	296 
5663	79 
5664	14 
5665	124 
5666	276 
5667	204 
5668	225 
5669	2 
5670	213 
5671	66 
5672	186 
5673	153 
5674	280 
5675	76 
5676	212 
5677	266 
5678	19 
5679	171 
5680	187 
5681	148 
5682	230 
5683	265 
5684	152 
5685	202 
5686	299 
5687	107 
5688	232 
5689	65 
5690	19 
5691	141 
5692	103 
5693	19 
5694	263 
5695	224 
5696	281 
5697	14 
5698	285 
5699	107 
5700	73 
5701	108 
5702	295 
5703	83 
5704	144 
5705	100 
5706	166 
5707	274 
5708	260 
5709	178 
5710	98 
5711	276 
5712	299 
5713	245 
5714	31 
5715	113 
5716	259 
5717	232 
5718	13 
5719	62 
5720	195 
5721	126 
5722	122 
5723	259 
5724	215 
5725	193 
5726	24 
5727	258 
5728	201 
5729	72 
5730	20 
5731	215 
5732	24 
5733	231 
5734	2 
5735	101 
5736	249 
5737	108 
5738	75 
5739	225 
5740	80 
5741	189 
5742	178 
5743	101 
5744	186 
5745	98 
5746	158 
5747	61 
5748	246 
5749	165 
5750	46 
5751	274 
5752	75 
5753	119 
5754	82 
5755	145 
5756	30 
5757	121 
5758	241 
5759	84 
5760	167 
5761	163 
5762	147 
5763	54 
5764	25 
5765	89 
5766	208 
5767	8 
5768	102 
5769	139 
5770	238 
5771	153 
5772	50 
5773	34 
5774	258 
5775	20 
5776	103 
5777	86 
5778	195 
5779	41 
5780	188 
5781	258 
5782	44 
5783	32 
5784	148 
5785	255 
5786	247 
5787	176 
5788	117 
5789	103 
5790	58 
5791	33 
5792	1 
5793	256 
5794	198 
5795	209 
5796	47 
5797	241 
5798	84 
5799	284 
5800	34 
5801	239 
5802	149 
5803	291 
5804	271 
5805	21 
5806	218 
5807	39 
5808	20 
5809	145 
5810	202 
5811	21 
5812	204 
5813	165 
5814	288 
5815	45 
5816	168 
5817	205 
5818	127 
5819	148 
5820	168 
5821	122 
5822	176 
5823	71 
5824	119 
5825	284 
5826	87 
5827	245 
5828	264 
5829	197 
5830	266 
5831	113 
5832	28 
5833	239 
5834	204 
5835	184 
5836	284 
5837	106 
5838	270 
5839	280 
5840	77 
5841	169 
5842	100 
5843	95 
5844	42 
5845	107 
5846	101 
5847	6 
5848	52 
5849	122 
5850	303 
5851	52 
5852	11 
5853	275 
5854	178 
5855	31 
5856	96 
5857	238 
5858	189 
5859	162 
5860	282 
5861	247 
5862	291 
5863	161 
5864	166 
5865	212 
5866	233 
5867	95 
5868	291 
5869	238 
5870	277 
5871	209 
5872	231 
5873	250 
5874	92 
5875	3 
5876	232 
5877	185 
5878	197 
5879	175 
5880	100 
5881	76 
5882	171 
5883	66 
5884	157 
5885	240 
5886	130 
5887	21 
5888	87 
5889	265 
5890	302 
5891	53 
5892	241 
5893	65 
5894	258 
5895	105 
5896	174 
5897	66 
5898	158 
5899	26 
5900	203 
5901	27 
5902	50 
5903	283 
5904	53 
5905	160 
5906	67 
5907	21 
5908	213 
5909	132 
5910	53 
5911	154 
5912	283 
5913	284 
5914	286 
5915	17 
5916	86 
5917	17 
5918	295 
5919	12 
5920	220 
5921	54 
5922	109 
5923	114 
5924	138 
5925	252 
5926	300 
5927	298 
5928	56 
5929	80 
5930	184 
5931	37 
5932	267 
5933	205 
5934	108 
5935	107 
5936	50 
5937	122 
5938	294 
5939	73 
5940	238 
5941	141 
5942	231 
5943	8 
5944	75 
5945	248 
5946	6 
5947	250 
5948	46 
5949	235 
5950	82 
5951	27 
5952	115 
5953	290 
5954	226 
5955	298 
5956	214 
5957	59 
5958	231 
5959	205 
5960	110 
5961	19 
5962	33 
5963	230 
5964	229 
5965	68 
5966	145 
5967	180 
5968	249 
5969	36 
5970	11 
5971	66 
5972	126 
5973	223 
5974	155 
5975	214 
5976	191 
5977	242 
5978	269 
5979	53 
5980	244 
5981	184 
5982	248 
5983	245 
5984	214 
5985	180 
5986	211 
5987	147 
5988	147 
5989	20 
5990	274 
5991	201 
5992	184 
5993	231 
5994	145 
5995	65 
5996	68 
5997	228 
5998	12 
5999	195 
6000	49 
6001	27 
6002	196 
6003	57 
6004	75 
6005	285 
6006	219 
6007	241 
6008	209 
6009	55 
6010	157 
6011	214 
6012	159 
6013	295 
6014	26 
6015	75 
6016	88 
6017	152 
6018	143 
6019	149 
6020	158 
6021	171 
6022	158 
6023	60 
6024	183 
6025	70 
6026	197 
6027	226 
6028	155 
6029	96 
6030	90 
6031	107 
6032	21 
6033	219 
6034	169 
6035	89 
6036	187 
6037	1 
6038	163 
6039	188 
6040	274 
6041	111 
6042	241 
6043	131 
6044	136 
6045	241 
6046	196 
6047	277 
6048	23 
6049	141 
6050	126 
6051	18 
6052	289 
6053	161 
6054	40 
6055	114 
6056	158 
6057	139 
6058	142 
6059	143 
6060	273 
6061	84 
6062	182 
6063	128 
6064	106 
6065	136 
6066	53 
6067	103 
6068	64 
6069	224 
6070	276 
6071	197 
6072	166 
6073	136 
6074	233 
6075	220 
6076	252 
6077	92 
6078	39 
6079	29 
6080	88 
6081	303 
6082	259 
6083	51 
6084	295 
6085	13 
6086	274 
6087	273 
6088	5 
6089	91 
6090	167 
6091	50 
6092	217 
6093	90 
6094	240 
6095	250 
6096	214 
6097	44 
6098	215 
6099	229 
6100	204 
6101	57 
6102	116 
6103	258 
6104	215 
6105	120 
6106	205 
6107	254 
6108	262 
6109	42 
6110	32 
6111	265 
6112	29 
6113	212 
6114	83 
6115	229 
6116	96 
6117	32 
6118	282 
6119	159 
6120	45 
6121	285 
6122	223 
6123	300 
6124	99 
6125	267 
6126	188 
6127	282 
6128	120 
6129	209 
6130	232 
6131	141 
6132	218 
6133	239 
6134	159 
6135	195 
6136	1 
6137	38 
6138	15 
6139	159 
6140	214 
6141	277 
6142	37 
6143	2 
6144	120 
6145	240 
6146	290 
6147	196 
6148	52 
6149	269 
6150	248 
6151	168 
6152	76 
6153	72 
6154	286 
6155	106 
6156	39 
6157	110 
6158	134 
6159	214 
6160	42 
6161	87 
6162	39 
6163	273 
6164	212 
6165	287 
6166	187 
6167	26 
6168	93 
6169	169 
6170	87 
6171	256 
6172	25 
6173	279 
6174	108 
6175	303 
6176	101 
6177	164 
6178	89 
6179	221 
6180	154 
6181	105 
6182	126 
6183	102 
6184	37 
6185	262 
6186	6 
6187	301 
6188	33 
6189	64 
6190	92 
6191	182 
6192	301 
6193	67 
6194	250 
6195	72 
6196	44 
6197	173 
6198	88 
6199	120 
6200	269 
6201	82 
6202	21 
6203	290 
6204	181 
6205	130 
6206	126 
6207	144 
6208	100 
6209	277 
6210	142 
6211	127 
6212	242 
6213	189 
6214	171 
6215	97 
6216	286 
6217	255 
6218	113 
6219	86 
6220	94 
6221	177 
6222	17 
6223	55 
6224	125 
6225	89 
6226	56 
6227	34 
6228	192 
6229	178 
6230	142 
6231	107 
6232	94 
6233	137 
6234	95 
6235	137 
6236	252 
6237	208 
6238	3 
6239	271 
6240	228 
6241	47 
6242	295 
6243	176 
6244	134 
6245	216 
6246	196 
6247	190 
6248	17 
6249	144 
6250	147 
6251	191 
6252	92 
6253	228 
6254	166 
6255	33 
6256	273 
6257	184 
6258	263 
6259	281 
6260	75 
6261	152 
6262	89 
6263	30 
6264	13 
6265	144 
6266	287 
6267	118 
6268	280 
6269	116 
6270	270 
6271	50 
6272	14 
6273	243 
6274	273 
6275	40 
6276	267 
6277	255 
6278	292 
6279	260 
6280	72 
6281	98 
6282	219 
6283	126 
6284	229 
6285	84 
6286	242 
6287	253 
6288	291 
6289	268 
6290	261 
6291	228 
6292	153 
6293	115 
6294	117 
6295	100 
6296	59 
6297	79 
6298	98 
6299	163 
6300	281 
6301	39 
6302	81 
6303	287 
6304	303 
6305	117 
6306	268 
6307	225 
6308	144 
6309	166 
6310	142 
6311	123 
6312	87 
6313	212 
6314	229 
6315	151 
6316	253 
6317	268 
6318	81 
6319	279 
6320	102 
6321	12 
6322	235 
6323	180 
6324	182 
6325	4 
6326	226 
6327	4 
6328	17 
6329	82 
6330	46 
6331	37 
6332	289 
6333	102 
6334	9 
6335	207 
6336	164 
6337	278 
6338	191 
6339	30 
6340	83 
6341	228 
6342	79 
6343	172 
6344	200 
6345	86 
6346	161 
6347	7 
6348	269 
6349	232 
6350	123 
6351	141 
6352	205 
6353	80 
6354	262 
6355	207 
6356	97 
6357	211 
6358	44 
6359	197 
6360	267 
6361	51 
6362	86 
6363	144 
6364	291 
6365	240 
6366	55 
6367	52 
6368	30 
6369	106 
6370	79 
6371	77 
6372	212 
6373	43 
6374	225 
6375	35 
6376	66 
6377	128 
6378	84 
6379	12 
6380	90 
6381	292 
6382	44 
6383	48 
6384	219 
6385	58 
6386	184 
6387	58 
6388	272 
6389	230 
6390	276 
6391	1 
6392	12 
6393	51 
6394	127 
6395	87 
6396	51 
6397	88 
6398	47 
6399	166 
6400	216 
6401	246 
6402	214 
6403	238 
6404	287 
6405	229 
6406	260 
6407	288 
6408	132 
6409	141 
6410	21 
6411	105 
6412	223 
6413	134 
6414	19 
6415	130 
6416	25 
6417	222 
6418	34 
6419	105 
6420	51 
6421	48 
6422	224 
6423	152 
6424	30 
6425	4 
6426	181 
6427	138 
6428	12 
6429	17 
6430	160 
6431	264 
6432	200 
6433	235 
6434	28 
6435	65 
6436	72 
6437	247 
6438	239 
6439	293 
6440	72 
6441	163 
6442	40 
6443	65 
6444	222 
6445	273 
6446	265 
6447	285 
6448	272 
6449	148 
6450	58 
6451	39 
6452	154 
6453	161 
6454	74 
6455	36 
6456	118 
6457	83 
6458	116 
6459	256 
6460	1 
6461	209 
6462	106 
6463	127 
6464	230 
6465	141 
6466	4 
6467	99 
6468	238 
6469	7 
6470	15 
6471	151 
6472	224 
6473	74 
6474	229 
6475	50 
6476	301 
6477	5 
6478	54 
6479	286 
6480	52 
6481	229 
6482	162 
6483	216 
6484	79 
6485	260 
6486	101 
6487	206 
6488	181 
6489	96 
6490	222 
6491	172 
6492	133 
6493	160 
6494	291 
6495	275 
6496	232 
6497	15 
6498	129 
6499	244 
6500	281 
6501	251 
6502	59 
6503	226 
6504	240 
6505	175 
6506	46 
6507	212 
6508	231 
6509	184 
6510	202 
6511	7 
6512	218 
6513	104 
6514	236 
6515	133 
6516	55 
6517	25 
6518	214 
6519	242 
6520	76 
6521	210 
6522	232 
6523	186 
6524	80 
6525	255 
6526	292 
6527	273 
6528	176 
6529	147 
6530	101 
6531	60 
6532	295 
6533	303 
6534	31 
6535	151 
6536	109 
6537	82 
6538	188 
6539	128 
6540	53 
6541	71 
6542	286 
6543	107 
6544	256 
6545	296 
6546	130 
6547	81 
6548	301 
6549	105 
6550	149 
6551	61 
6552	4 
6553	73 
6554	126 
6555	25 
6556	115 
6557	65 
6558	79 
6559	301 
6560	256 
6561	158 
6562	175 
6563	142 
6564	199 
6565	38 
6566	134 
6567	103 
6568	37 
6569	2 
6570	84 
6571	272 
6572	157 
6573	204 
6574	34 
6575	266 
6576	161 
6577	10 
6578	78 
6579	269 
6580	167 
6581	150 
6582	52 
6583	143 
6584	125 
6585	105 
6586	258 
6587	121 
6588	7 
6589	245 
6590	151 
6591	31 
6592	73 
6593	15 
6594	240 
6595	63 
6596	76 
6597	22 
6598	257 
6599	55 
6600	21 
6601	34 
6602	272 
6603	298 
6604	45 
6605	206 
6606	231 
6607	146 
6608	294 
6609	13 
6610	2 
6611	193 
6612	11 
6613	86 
6614	11 
6615	180 
6616	7 
6617	164 
6618	172 
6619	161 
6620	172 
6621	269 
6622	293 
6623	207 
6624	228 
6625	170 
6626	301 
6627	19 
6628	92 
6629	145 
6630	248 
6631	235 
6632	199 
6633	23 
6634	235 
6635	29 
6636	199 
6637	101 
6638	57 
6639	128 
6640	139 
6641	202 
6642	205 
6643	28 
6644	146 
6645	201 
6646	23 
6647	210 
6648	285 
6649	166 
6650	239 
6651	68 
6652	134 
6653	29 
6654	44 
6655	177 
6656	72 
6657	268 
6658	76 
6659	139 
6660	232 
6661	253 
6662	201 
6663	93 
6664	147 
6665	9 
6666	204 
6667	190 
6668	90 
6669	141 
6670	120 
6671	227 
6672	69 
6673	61 
6674	303 
6675	124 
6676	294 
6677	9 
6678	139 
6679	5 
6680	53 
6681	290 
6682	83 
6683	152 
6684	91 
6685	293 
6686	43 
6687	301 
6688	285 
6689	158 
6690	262 
6691	121 
6692	50 
6693	302 
6694	273 
6695	2 
6696	266 
6697	183 
6698	295 
6699	121 
6700	5 
6701	25 
6702	141 
6703	295 
6704	12 
6705	228 
6706	141 
6707	241 
6708	148 
6709	80 
6710	77 
6711	207 
6712	34 
6713	49 
6714	121 
6715	247 
6716	208 
6717	129 
6718	161 
6719	61 
6720	89 
6721	72 
6722	132 
6723	159 
6724	21 
6725	166 
6726	25 
6727	80 
6728	243 
6729	160 
6730	230 
6731	120 
6732	227 
6733	132 
6734	98 
6735	24 
6736	46 
6737	35 
6738	159 
6739	199 
6740	195 
6741	154 
6742	293 
6743	105 
6744	22 
6745	101 
6746	18 
6747	108 
6748	164 
6749	129 
6750	29 
6751	272 
6752	300 
6753	229 
6754	114 
6755	254 
6756	166 
6757	218 
6758	72 
6759	109 
6760	109 
6761	52 
6762	58 
6763	294 
6764	136 
6765	263 
6766	207 
6767	266 
6768	163 
6769	234 
6770	302 
6771	52 
6772	236 
6773	262 
6774	277 
6775	239 
6776	48 
6777	165 
6778	216 
6779	236 
6780	241 
6781	183 
6782	279 
6783	178 
6784	202 
6785	261 
6786	233 
6787	146 
6788	263 
6789	126 
6790	29 
6791	240 
6792	83 
6793	220 
6794	139 
6795	240 
6796	54 
6797	18 
6798	46 
6799	78 
6800	151 
6801	112 
6802	123 
6803	230 
6804	81 
6805	156 
6806	74 
6807	221 
6808	76 
6809	189 
6810	198 
6811	221 
6812	263 
6813	283 
6814	92 
6815	289 
6816	218 
6817	59 
6818	176 
6819	266 
6820	92 
6821	186 
6822	16 
6823	267 
6824	99 
6825	21 
6826	202 
6827	89 
6828	39 
6829	147 
6830	28 
6831	285 
6832	138 
6833	106 
6834	124 
6835	287 
6836	214 
6837	13 
6838	119 
6839	112 
6840	66 
6841	168 
6842	44 
6843	20 
6844	5 
6845	39 
6846	137 
6847	288 
6848	60 
6849	289 
6850	160 
6851	51 
6852	230 
6853	68 
6854	197 
6855	285 
6856	82 
6857	290 
6858	299 
6859	205 
6860	49 
6861	103 
6862	47 
6863	253 
6864	264 
6865	209 
6866	217 
6867	135 
6868	224 
6869	90 
6870	256 
6871	298 
6872	105 
6873	121 
6874	103 
6875	28 
6876	236 
6877	212 
6878	69 
6879	137 
6880	207 
6881	88 
6882	6 
6883	77 
6884	176 
6885	247 
6886	39 
6887	262 
6888	176 
6889	179 
6890	49 
6891	214 
6892	29 
6893	89 
6894	40 
6895	20 
6896	86 
6897	124 
6898	191 
6899	293 
6900	276 
6901	128 
6902	255 
6903	142 
6904	88 
6905	129 
6906	169 
6907	217 
6908	279 
6909	142 
6910	142 
6911	267 
6912	127 
6913	177 
6914	237 
6915	86 
6916	89 
6917	83 
6918	171 
6919	184 
6920	52 
6921	296 
6922	126 
6923	203 
6924	13 
6925	220 
6926	205 
6927	160 
6928	174 
6929	258 
6930	82 
6931	290 
6932	238 
6933	4 
6934	168 
6935	233 
6936	120 
6937	292 
6938	76 
6939	125 
6940	295 
6941	186 
6942	101 
6943	80 
6944	45 
6945	3 
6946	87 
6947	137 
6948	200 
6949	108 
6950	25 
6951	254 
6952	296 
6953	98 
6954	135 
6955	2 
6956	302 
6957	133 
6958	269 
6959	213 
6960	281 
6961	94 
6962	186 
6963	254 
6964	140 
6965	256 
6966	226 
6967	144 
6968	108 
6969	13 
6970	171 
6971	2 
6972	266 
6973	232 
6974	2 
6975	167 
6976	58 
6977	214 
6978	142 
6979	57 
6980	80 
6981	116 
6982	133 
6983	204 
6984	8 
6985	125 
6986	176 
6987	302 
6988	278 
6989	133 
6990	98 
6991	32 
6992	172 
6993	72 
6994	281 
6995	295 
6996	39 
6997	194 
6998	210 
6999	54 
7000	181 
7001	127 
7002	142 
7003	5 
7004	88 
7005	289 
7006	269 
7007	59 
7008	281 
7009	235 
7010	174 
7011	298 
7012	146 
7013	116 
7014	32 
7015	167 
7016	243 
7017	155 
7018	263 
7019	164 
7020	17 
7021	111 
7022	115 
7023	58 
7024	37 
7025	243 
7026	212 
7027	46 
7028	108 
7029	13 
7030	229 
7031	260 
7032	35 
7033	23 
7034	162 
7035	50 
7036	161 
7037	244 
7038	187 
7039	13 
7040	145 
7041	41 
7042	210 
7043	282 
7044	149 
7045	87 
7046	13 
7047	199 
7048	25 
7049	171 
7050	229 
7051	232 
7052	276 
7053	286 
7054	232 
7055	254 
7056	19 
7057	90 
7058	166 
7059	61 
7060	40 
7061	122 
7062	167 
7063	301 
7064	45 
7065	21 
7066	178 
7067	16 
7068	126 
7069	198 
7070	243 
7071	112 
7072	225 
7073	290 
7074	117 
7075	156 
7076	229 
7077	230 
7078	220 
7079	184 
7080	95 
7081	196 
7082	242 
7083	50 
7084	145 
7085	60 
7086	240 
7087	14 
7088	110 
7089	37 
7090	285 
7091	226 
7092	102 
7093	150 
7094	45 
7095	241 
7096	26 
7097	277 
7098	5 
7099	7 
7100	125 
7101	277 
7102	226 
7103	174 
7104	74 
7105	180 
7106	238 
7107	167 
7108	238 
7109	272 
7110	285 
7111	258 
7112	173 
7113	239 
7114	132 
7115	32 
7116	213 
7117	17 
7118	251 
7119	110 
7120	36 
7121	30 
7122	97 
7123	188 
7124	255 
7125	302 
7126	205 
7127	284 
7128	96 
7129	21 
7130	137 
7131	264 
7132	48 
7133	148 
7134	262 
7135	149 
7136	278 
7137	149 
7138	27 
7139	24 
7140	19 
7141	204 
7142	16 
7143	230 
7144	139 
7145	119 
7146	266 
7147	272 
7148	54 
7149	193 
7150	256 
7151	173 
7152	78 
7153	140 
7154	191 
7155	36 
7156	79 
7157	84 
7158	260 
7159	218 
7160	115 
7161	36 
7162	210 
7163	165 
7164	215 
7165	270 
7166	157 
7167	262 
7168	28 
7169	6 
7170	83 
7171	131 
7172	199 
7173	237 
7174	41 
7175	246 
7176	186 
7177	84 
7178	126 
7179	89 
7180	173 
7181	243 
7182	61 
7183	290 
7184	73 
7185	245 
7186	45 
7187	249 
7188	57 
7189	127 
7190	289 
7191	160 
7192	183 
7193	161 
7194	104 
7195	34 
7196	216 
7197	186 
7198	249 
7199	126 
7200	264 
7201	122 
7202	178 
7203	96 
7204	294 
7205	24 
7206	252 
7207	27 
7208	53 
7209	186 
7210	10 
7211	97 
7212	260 
7213	65 
7214	274 
7215	49 
7216	87 
7217	258 
7218	8 
7219	299 
7220	53 
7221	167 
7222	216 
7223	237 
7224	21 
7225	284 
7226	119 
7227	242 
7228	266 
7229	173 
7230	82 
7231	250 
7232	41 
7233	296 
7234	23 
7235	59 
7236	107 
7237	222 
7238	179 
7239	48 
7240	9 
7241	225 
7242	71 
7243	55 
7244	163 
7245	114 
7246	260 
7247	161 
7248	249 
7249	210 
7250	303 
7251	240 
7252	40 
7253	297 
7254	101 
7255	77 
7256	145 
7257	270 
7258	173 
7259	24 
7260	301 
7261	164 
7262	252 
7263	172 
7264	243 
7265	142 
7266	165 
7267	98 
7268	227 
7269	89 
7270	198 
7271	17 
7272	130 
7273	125 
7274	255 
7275	268 
7276	21 
7277	31 
7278	211 
7279	132 
7280	102 
7281	95 
7282	13 
7283	55 
7284	95 
7285	97 
7286	141 
7287	40 
7288	179 
7289	91 
7290	159 
7291	20 
7292	83 
7293	159 
7294	153 
7295	252 
7296	259 
7297	283 
7298	283 
7299	83 
7300	23 
7301	248 
7302	302 
7303	136 
7304	219 
7305	8 
7306	237 
7307	303 
7308	11 
7309	128 
7310	37 
7311	47 
7312	249 
7313	172 
7314	287 
7315	129 
7316	181 
7317	78 
7318	127 
7319	112 
7320	254 
7321	302 
7322	287 
7323	72 
7324	156 
7325	76 
7326	134 
7327	229 
7328	164 
7329	129 
7330	179 
7331	58 
7332	230 
7333	56 
7334	222 
7335	83 
7336	256 
7337	170 
7338	125 
7339	248 
7340	74 
7341	51 
7342	178 
7343	170 
7344	85 
7345	9 
7346	149 
7347	51 
7348	211 
7349	5 
7350	157 
7351	25 
7352	284 
7353	223 
7354	298 
7355	139 
7356	191 
7357	109 
7358	111 
7359	246 
7360	103 
7361	179 
7362	89 
7363	268 
7364	220 
7365	223 
7366	232 
7367	207 
7368	184 
7369	53 
7370	45 
7371	88 
7372	24 
7373	202 
7374	253 
7375	266 
7376	165 
7377	74 
7378	100 
7379	303 
7380	220 
7381	214 
7382	136 
7383	90 
7384	42 
7385	46 
7386	1 
7387	38 
7388	251 
7389	250 
7390	272 
7391	92 
7392	209 
7393	79 
7394	250 
7395	135 
7396	34 
7397	203 
7398	40 
7399	86 
7400	196 
7401	130 
7402	83 
7403	270 
7404	249 
7405	191 
7406	202 
7407	289 
7408	217 
7409	264 
7410	37 
7411	291 
7412	56 
7413	61 
7414	148 
7415	193 
7416	23 
7417	82 
7418	217 
7419	133 
7420	283 
7421	34 
7422	84 
7423	10 
7424	89 
7425	296 
7426	98 
7427	200 
7428	125 
7429	301 
7430	286 
7431	141 
7432	137 
7433	241 
7434	70 
7435	299 
7436	235 
7437	280 
7438	64 
7439	76 
7440	292 
7441	249 
7442	129 
7443	18 
7444	60 
7445	24 
7446	244 
7447	113 
7448	39 
7449	287 
7450	280 
7451	28 
7452	52 
7453	217 
7454	191 
7455	254 
7456	30 
7457	187 
7458	116 
7459	125 
7460	155 
7461	271 
7462	155 
7463	60 
7464	171 
7465	80 
7466	44 
7467	99 
7468	293 
7469	185 
7470	56 
7471	186 
7472	238 
7473	252 
7474	297 
7475	158 
7476	30 
7477	150 
7478	192 
7479	273 
7480	113 
7481	112 
7482	241 
7483	61 
7484	92 
7485	184 
7486	241 
7487	27 
7488	92 
7489	152 
7490	75 
7491	283 
7492	63 
7493	272 
7494	221 
7495	177 
7496	256 
7497	245 
7498	126 
7499	181 
7500	116 
7501	280 
7502	199 
7503	218 
7504	50 
7505	232 
7506	254 
7507	18 
7508	9 
7509	281 
7510	232 
7511	121 
7512	204 
7513	151 
7514	232 
7515	229 
7516	231 
7517	201 
7518	187 
7519	22 
7520	35 
7521	2 
7522	98 
7523	147 
7524	165 
7525	253 
7526	25 
7527	11 
7528	20 
7529	1 
7530	109 
7531	24 
7532	63 
7533	191 
7534	172 
7535	161 
7536	65 
7537	72 
7538	119 
7539	55 
7540	142 
7541	186 
7542	215 
7543	131 
7544	110 
7545	152 
7546	157 
7547	268 
7548	161 
7549	299 
7550	289 
7551	249 
7552	242 
7553	120 
7554	111 
7555	266 
7556	174 
7557	14 
7558	200 
7559	164 
7560	143 
7561	26 
7562	191 
7563	52 
7564	165 
7565	163 
7566	133 
7567	86 
7568	54 
7569	271 
7570	154 
7571	246 
7572	19 
7573	177 
7574	268 
7575	233 
7576	279 
7577	5 
7578	81 
7579	253 
7580	136 
7581	73 
7582	166 
7583	125 
7584	233 
7585	207 
7586	76 
7587	176 
7588	88 
7589	46 
7590	196 
7591	197 
7592	171 
7593	105 
7594	238 
7595	217 
7596	231 
7597	222 
7598	225 
7599	240 
7600	226 
7601	170 
7602	262 
7603	292 
7604	200 
7605	303 
7606	218 
7607	185 
7608	45 
7609	172 
7610	12 
7611	260 
7612	278 
7613	50 
7614	10 
7615	148 
7616	134 
7617	217 
7618	51 
7619	9 
7620	141 
7621	127 
7622	139 
7623	180 
7624	25 
7625	107 
7626	70 
7627	212 
7628	98 
7629	225 
7630	100 
7631	151 
7632	205 
7633	255 
7634	253 
7635	233 
7636	141 
7637	117 
7638	169 
7639	209 
7640	71 
7641	70 
7642	20 
7643	70 
7644	121 
7645	206 
7646	184 
7647	216 
7648	217 
7649	26 
7650	49 
7651	91 
7652	230 
7653	190 
7654	168 
7655	279 
7656	281 
7657	292 
7658	265 
7659	282 
7660	101 
7661	302 
7662	197 
7663	103 
7664	83 
7665	259 
7666	35 
7667	281 
7668	2 
7669	220 
7670	295 
7671	21 
7672	156 
7673	196 
7674	110 
7675	120 
7676	116 
7677	271 
7678	241 
7679	134 
7680	251 
7681	217 
7682	147 
7683	264 
7684	176 
7685	247 
7686	30 
7687	38 
7688	66 
7689	89 
7690	66 
7691	96 
7692	126 
7693	103 
7694	241 
7695	37 
7696	45 
7697	152 
7698	199 
7699	118 
7700	29 
7701	250 
7702	247 
7703	123 
7704	89 
7705	197 
7706	272 
7707	242 
7708	130 
7709	188 
7710	175 
7711	197 
7712	76 
7713	165 
7714	201 
7715	82 
7716	93 
7717	151 
7718	140 
7719	217 
7720	29 
7721	171 
7722	214 
7723	21 
7724	279 
7725	169 
7726	114 
7727	256 
7728	87 
7729	120 
7730	31 
7731	246 
7732	107 
7733	69 
7734	221 
7735	229 
7736	199 
7737	133 
7738	78 
7739	287 
7740	171 
7741	214 
7742	166 
7743	242 
7744	25 
7745	142 
7746	244 
7747	301 
7748	245 
7749	145 
7750	65 
7751	300 
7752	291 
7753	15 
7754	249 
7755	138 
7756	253 
7757	291 
7758	143 
7759	43 
7760	184 
7761	199 
7762	16 
7763	269 
7764	172 
7765	128 
7766	84 
7767	201 
7768	269 
7769	35 
7770	243 
7771	243 
7772	221 
7773	162 
7774	25 
7775	302 
7776	106 
7777	157 
7778	79 
7779	287 
7780	70 
7781	209 
7782	17 
7783	137 
7784	16 
7785	277 
7786	171 
7787	136 
7788	289 
7789	140 
7790	184 
7791	98 
7792	181 
7793	234 
7794	242 
7795	215 
7796	71 
7797	186 
7798	95 
7799	170 
7800	196 
7801	245 
7802	88 
7803	143 
7804	27 
7805	114 
7806	40 
7807	58 
7808	287 
7809	129 
7810	302 
7811	216 
7812	52 
7813	158 
7814	301 
7815	225 
7816	138 
7817	83 
7818	212 
7819	136 
7820	293 
7821	102 
7822	56 
7823	9 
7824	175 
7825	66 
7826	38 
7827	162 
7828	135 
7829	147 
7830	130 
7831	198 
7832	237 
7833	39 
7834	134 
7835	46 
7836	191 
7837	159 
7838	259 
7839	186 
7840	53 
7841	98 
7842	263 
7843	30 
7844	228 
7845	296 
7846	301 
7847	110 
7848	173 
7849	254 
7850	160 
7851	6 
7852	216 
7853	122 
7854	265 
7855	247 
7856	58 
7857	258 
7858	135 
7859	234 
7860	201 
7861	144 
7862	269 
7863	80 
7864	85 
7865	268 
7866	170 
7867	51 
7868	151 
7869	69 
7870	88 
7871	302 
7872	296 
7873	183 
7874	96 
7875	65 
7876	114 
7877	54 
7878	258 
7879	208 
7880	150 
7881	35 
7882	111 
7883	125 
7884	144 
7885	217 
7886	116 
7887	276 
7888	260 
7889	246 
7890	253 
7891	71 
7892	202 
7893	303 
7894	99 
7895	233 
7896	35 
7897	126 
7898	137 
7899	31 
7900	252 
7901	280 
7902	299 
7903	24 
7904	44 
7905	113 
7906	80 
7907	241 
7908	231 
7909	228 
7910	275 
7911	178 
7912	149 
7913	97 
7914	292 
7915	64 
7916	82 
7917	12 
7918	129 
7919	46 
7920	220 
7921	238 
7922	108 
7923	256 
7924	99 
7925	43 
7926	166 
7927	216 
7928	293 
7929	229 
7930	144 
7931	61 
7932	288 
7933	191 
7934	45 
7935	219 
7936	190 
7937	168 
7938	20 
7939	180 
7940	264 
7941	202 
7942	104 
7943	166 
7944	243 
7945	234 
7946	300 
7947	39 
7948	58 
7949	273 
7950	285 
7951	295 
7952	112 
7953	232 
7954	147 
7955	286 
7956	132 
7957	270 
7958	263 
7959	24 
7960	36 
7961	281 
7962	254 
7963	119 
7964	7 
7965	232 
7966	206 
7967	128 
7968	174 
7969	16 
7970	242 
7971	35 
7972	235 
7973	240 
7974	26 
7975	119 
7976	238 
7977	94 
7978	22 
7979	157 
7980	74 
7981	98 
7982	8 
7983	161 
7984	280 
7985	228 
7986	143 
7987	260 
7988	58 
7989	92 
7990	303 
7991	191 
7992	252 
7993	205 
7994	79 
7995	172 
7996	234 
7997	48 
7998	78 
7999	241 
8000	83 
8001	118 
8002	73 
8003	185 
8004	289 
8005	137 
8006	168 
8007	298 
8008	248 
8009	40 
8010	61 
8011	100 
8012	186 
8013	92 
8014	88 
8015	285 
8016	241 
8017	156 
8018	68 
8019	12 
8020	149 
8021	215 
8022	254 
8023	40 
8024	229 
8025	254 
8026	192 
8027	38 
8028	163 
8029	206 
8030	51 
8031	254 
8032	256 
8033	88 
8034	19 
8035	82 
8036	91 
8037	54 
8038	53 
8039	198 
8040	16 
8041	76 
8042	213 
8043	85 
8044	34 
8045	221 
8046	202 
8047	99 
8048	99 
8049	54 
8050	128 
8051	211 
8052	121 
8053	52 
8054	63 
8055	143 
8056	200 
8057	149 
8058	24 
8059	53 
8060	285 
8061	230 
8062	202 
8063	255 
8064	249 
8065	283 
8066	277 
8067	172 
8068	195 
8069	259 
8070	162 
8071	258 
8072	272 
8073	232 
8074	75 
8075	61 
8076	218 
8077	76 
8078	44 
8079	100 
8080	46 
8081	125 
8082	267 
8083	182 
8084	235 
8085	239 
8086	164 
8087	212 
8088	4 
8089	112 
8090	34 
8091	17 
8092	104 
8093	80 
8094	297 
8095	23 
8096	2 
8097	94 
8098	38 
8099	14 
8100	34 
8101	234 
8102	290 
8103	256 
8104	278 
8105	166 
8106	176 
8107	273 
8108	30 
8109	125 
8110	41 
8111	31 
8112	227 
8113	59 
8114	262 
8115	97 
8116	21 
8117	210 
8118	242 
8119	86 
8120	68 
8121	114 
8122	121 
8123	164 
8124	52 
8125	134 
8126	19 
8127	99 
8128	254 
8129	129 
8130	246 
8131	92 
8132	244 
8133	228 
8134	287 
8135	238 
8136	9 
8137	206 
8138	221 
8139	19 
8140	266 
8141	270 
8142	141 
8143	238 
8144	39 
8145	65 
8146	233 
8147	191 
8148	208 
8149	224 
8150	262 
8151	20 
8152	83 
8153	2 
8154	283 
8155	53 
8156	97 
8157	238 
8158	149 
8159	279 
8160	252 
8161	168 
8162	3 
8163	64 
8164	64 
8165	66 
8166	192 
8167	63 
8168	96 
8169	106 
8170	260 
8171	205 
8172	65 
8173	72 
8174	147 
8175	26 
8176	113 
8177	150 
8178	222 
8179	67 
8180	280 
8181	28 
8182	230 
8183	162 
8184	302 
8185	134 
8186	279 
8187	153 
8188	276 
8189	6 
8190	41 
8191	281 
8192	110 
8193	31 
8194	166 
8195	83 
8196	133 
8197	91 
8198	142 
8199	161 
8200	172 
8201	139 
8202	9 
8203	53 
8204	186 
8205	151 
8206	76 
8207	92 
8208	151 
8209	88 
8210	248 
8211	15 
8212	228 
8213	180 
8214	233 
8215	122 
8216	4 
8217	30 
8218	75 
8219	59 
8220	122 
8221	217 
8222	146 
8223	223 
8224	106 
8225	264 
8226	250 
8227	20 
8228	296 
8229	235 
8230	4 
8231	38 
8232	36 
8233	6 
8234	11 
8235	297 
8236	236 
8237	99 
8238	1 
8239	171 
8240	16 
8241	107 
8242	227 
8243	56 
8244	134 
8245	232 
8246	185 
8247	106 
8248	264 
8249	21 
8250	193 
8251	197 
8252	207 
8253	192 
8254	33 
8255	201 
8256	115 
8257	23 
8258	178 
8259	55 
8260	167 
8261	43 
8262	43 
8263	9 
8264	111 
8265	69 
8266	152 
8267	235 
8268	127 
8269	79 
8270	141 
8271	255 
8272	47 
8273	147 
8274	155 
8275	167 
8276	298 
8277	77 
8278	45 
8279	174 
8280	19 
8281	257 
8282	193 
8283	285 
8284	291 
8285	225 
8286	160 
8287	97 
8288	48 
8289	244 
8290	189 
8291	63 
8292	65 
8293	58 
8294	226 
8295	51 
8296	150 
8297	132 
8298	228 
8299	80 
8300	26 
8301	241 
8302	244 
8303	144 
8304	291 
8305	296 
8306	92 
8307	171 
8308	204 
8309	36 
8310	77 
8311	113 
8312	113 
8313	291 
8314	238 
8315	172 
8316	261 
8317	92 
8318	32 
8319	261 
8320	200 
8321	135 
8322	52 
8323	214 
8324	106 
8325	209 
8326	184 
8327	73 
8328	203 
8329	144 
8330	120 
8331	234 
8332	24 
8333	96 
8334	142 
8335	186 
8336	29 
8337	82 
8338	75 
8339	228 
8340	14 
8341	188 
8342	78 
8343	154 
8344	123 
8345	295 
8346	3 
8347	82 
8348	276 
8349	13 
8350	249 
8351	256 
8352	53 
8353	92 
8354	299 
8355	105 
8356	107 
8357	59 
8358	190 
8359	102 
8360	285 
8361	287 
8362	68 
8363	45 
8364	120 
8365	225 
8366	292 
8367	221 
8368	171 
8369	219 
8370	87 
8371	200 
8372	247 
8373	285 
8374	36 
8375	235 
8376	129 
8377	216 
8378	241 
8379	108 
8380	231 
8381	9 
8382	157 
8383	152 
8384	97 
8385	118 
8386	164 
8387	258 
8388	158 
8389	262 
8390	245 
8391	72 
8392	18 
8393	101 
8394	232 
8395	256 
8396	125 
8397	282 
8398	296 
8399	7 
8400	142 
8401	4 
8402	38 
8403	137 
8404	212 
8405	192 
8406	138 
8407	11 
8408	215 
8409	242 
8410	264 
8411	42 
8412	87 
8413	243 
8414	159 
8415	236 
8416	14 
8417	217 
8418	85 
8419	272 
8420	75 
8421	77 
8422	253 
8423	9 
8424	179 
8425	23 
8426	37 
8427	156 
8428	238 
8429	59 
8430	130 
8431	186 
8432	199 
8433	146 
8434	230 
8435	129 
8436	138 
8437	144 
8438	149 
8439	12 
8440	191 
8441	13 
8442	154 
8443	197 
8444	211 
8445	144 
8446	188 
8447	70 
8448	167 
8449	95 
8450	199 
8451	102 
8452	250 
8453	176 
8454	150 
8455	139 
8456	165 
8457	204 
8458	131 
8459	18 
8460	153 
8461	152 
8462	206 
8463	86 
8464	142 
8465	295 
8466	221 
8467	94 
8468	161 
8469	276 
8470	3 
8471	58 
8472	64 
8473	35 
8474	44 
8475	245 
8476	133 
8477	157 
8478	227 
8479	55 
8480	117 
8481	190 
8482	164 
8483	164 
8484	207 
8485	86 
8486	267 
8487	18 
8488	82 
8489	125 
8490	207 
8491	19 
8492	150 
8493	166 
8494	72 
8495	66 
8496	181 
8497	30 
8498	168 
8499	3 
8500	43 
8501	214 
8502	121 
8503	84 
8504	146 
8505	143 
8506	76 
8507	8 
8508	224 
8509	259 
8510	242 
8511	138 
8512	279 
8513	230 
8514	253 
8515	287 
8516	246 
8517	2 
8518	87 
8519	25 
8520	267 
8521	118 
8522	201 
8523	186 
8524	167 
8525	99 
8526	3 
8527	216 
8528	213 
8529	25 
8530	281 
8531	290 
8532	121 
8533	49 
8534	229 
8535	239 
8536	2 
8537	65 
8538	274 
8539	159 
8540	53 
8541	180 
8542	96 
8543	199 
8544	181 
8545	149 
8546	85 
8547	156 
8548	279 
8549	146 
8550	55 
8551	30 
8552	120 
8553	112 
8554	39 
8555	12 
8556	281 
8557	226 
8558	90 
8559	255 
8560	105 
8561	202 
8562	58 
8563	120 
8564	43 
8565	112 
8566	134 
8567	28 
8568	298 
8569	2 
8570	27 
8571	149 
8572	53 
8573	81 
8574	201 
8575	238 
8576	127 
8577	236 
8578	268 
8579	175 
8580	71 
8581	221 
8582	301 
8583	138 
8584	264 
8585	61 
8586	82 
8587	7 
8588	70 
8589	93 
8590	109 
8591	73 
8592	294 
8593	255 
8594	15 
8595	89 
8596	90 
8597	70 
8598	291 
8599	196 
8600	246 
8601	164 
8602	90 
8603	58 
8604	99 
8605	7 
8606	88 
8607	58 
8608	124 
8609	176 
8610	40 
8611	288 
8612	101 
8613	148 
8614	134 
8615	293 
8616	255 
8617	12 
8618	46 
8619	284 
8620	275 
8621	261 
8622	211 
8623	240 
8624	107 
8625	208 
8626	166 
8627	5 
8628	73 
8629	249 
8630	30 
8631	286 
8632	178 
8633	281 
8634	101 
8635	19 
8636	59 
8637	129 
8638	24 
8639	184 
8640	22 
8641	276 
8642	255 
8643	71 
8644	146 
8645	83 
8646	243 
8647	149 
8648	153 
8649	8 
8650	202 
8651	276 
8652	105 
8653	116 
8654	93 
8655	271 
8656	78 
8657	3 
8658	54 
8659	265 
8660	38 
8661	144 
8662	168 
8663	284 
8664	259 
8665	243 
8666	238 
8667	209 
8668	110 
8669	36 
8670	212 
8671	166 
8672	165 
8673	200 
8674	20 
8675	163 
8676	287 
8677	61 
8678	34 
8679	74 
8680	287 
8681	293 
8682	270 
8683	257 
8684	63 
8685	62 
8686	132 
8687	7 
8688	20 
8689	26 
8690	66 
8691	82 
8692	217 
8693	243 
8694	36 
8695	183 
8696	160 
8697	248 
8698	142 
8699	44 
8700	141 
8701	209 
8702	285 
8703	103 
8704	5 
8705	274 
8706	138 
8707	11 
8708	286 
8709	56 
8710	85 
8711	141 
8712	56 
8713	72 
8714	281 
8715	270 
8716	41 
8717	3 
8718	55 
8719	40 
8720	271 
8721	80 
8722	186 
8723	109 
8724	119 
8725	224 
8726	185 
8727	116 
8728	133 
8729	218 
8730	119 
8731	123 
8732	8 
8733	50 
8734	266 
8735	10 
8736	4 
8737	72 
8738	45 
8739	11 
8740	41 
8741	295 
8742	78 
8743	254 
8744	75 
8745	80 
8746	67 
8747	179 
8748	146 
8749	249 
8750	264 
8751	103 
8752	130 
8753	13 
8754	54 
8755	40 
8756	62 
8757	165 
8758	167 
8759	159 
8760	62 
8761	141 
8762	139 
8763	52 
8764	296 
8765	171 
8766	256 
8767	136 
8768	221 
8769	197 
8770	59 
8771	120 
8772	224 
8773	203 
8774	183 
8775	215 
8776	296 
8777	58 
8778	153 
8779	296 
8780	201 
8781	84 
8782	9 
8783	166 
8784	53 
8785	233 
8786	289 
8787	277 
8788	165 
8789	143 
8790	86 
8791	184 
8792	98 
8793	285 
8794	116 
8795	241 
8796	209 
8797	87 
8798	2 
8799	103 
8800	175 
8801	87 
8802	126 
8803	103 
8804	221 
8805	73 
8806	281 
8807	133 
8808	28 
8809	59 
8810	98 
8811	150 
8812	120 
8813	90 
8814	191 
8815	3 
8816	83 
8817	113 
8818	85 
8819	159 
8820	198 
8821	295 
8822	118 
8823	18 
8824	168 
8825	157 
8826	82 
8827	284 
8828	252 
8829	288 
8830	117 
8831	197 
8832	113 
8833	129 
8834	134 
8835	46 
8836	48 
8837	187 
8838	237 
8839	209 
8840	271 
8841	20 
8842	263 
8843	90 
8844	280 
8845	168 
8846	102 
8847	201 
8848	146 
8849	250 
8850	179 
8851	284 
8852	301 
8853	65 
8854	56 
8855	92 
8856	232 
8857	244 
8858	246 
8859	3 
8860	58 
8861	239 
8862	61 
8863	88 
8864	234 
8865	53 
8866	123 
8867	193 
8868	73 
8869	207 
8870	126 
8871	146 
8872	73 
8873	290 
8874	300 
8875	239 
8876	48 
8877	30 
8878	266 
8879	219 
8880	23 
8881	201 
8882	256 
8883	2 
8884	54 
8885	225 
8886	233 
8887	160 
8888	83 
8889	298 
8890	70 
8891	129 
8892	240 
8893	260 
8894	241 
8895	204 
8896	172 
8897	275 
8898	106 
8899	48 
8900	159 
8901	287 
8902	277 
8903	287 
8904	269 
8905	18 
8906	226 
8907	12 
8908	23 
8909	41 
8910	294 
8911	39 
8912	180 
8913	287 
8914	260 
8915	235 
8916	195 
8917	157 
8918	192 
8919	17 
8920	62 
8921	161 
8922	189 
8923	140 
8924	62 
8925	71 
8926	198 
8927	229 
8928	61 
8929	141 
8930	249 
8931	15 
8932	173 
8933	166 
8934	153 
8935	127 
8936	299 
8937	32 
8938	117 
8939	95 
8940	155 
8941	45 
8942	139 
8943	254 
8944	235 
8945	271 
8946	45 
8947	269 
8948	59 
8949	121 
8950	126 
8951	112 
8952	254 
8953	193 
8954	75 
8955	243 
8956	148 
8957	278 
8958	303 
8959	109 
8960	21 
8961	101 
8962	231 
8963	301 
8964	186 
8965	35 
8966	24 
8967	107 
8968	133 
8969	148 
8970	100 
8971	46 
8972	115 
8973	280 
8974	101 
8975	190 
8976	3 
8977	180 
8978	267 
8979	103 
8980	33 
8981	15 
8982	84 
8983	24 
8984	184 
8985	81 
8986	113 
8987	256 
8988	125 
8989	55 
8990	219 
8991	197 
8992	273 
8993	284 
8994	38 
8995	31 
8996	294 
8997	273 
8998	204 
8999	254 
9000	235 
9001	16 
9002	288 
9003	44 
9004	139 
9005	103 
9006	70 
9007	106 
9008	104 
9009	293 
9010	207 
9011	166 
9012	43 
9013	231 
9014	160 
9015	297 
9016	253 
9017	68 
9018	212 
9019	51 
9020	38 
9021	164 
9022	138 
9023	212 
9024	130 
9025	290 
9026	165 
9027	149 
9028	147 
9029	294 
9030	262 
9031	23 
9032	229 
9033	179 
9034	189 
9035	49 
9036	164 
9037	222 
9038	3 
9039	76 
9040	137 
9041	74 
9042	246 
9043	255 
9044	279 
9045	117 
9046	148 
9047	62 
9048	2 
9049	125 
9050	37 
9051	30 
9052	98 
9053	252 
9054	148 
9055	47 
9056	190 
9057	186 
9058	129 
9059	286 
9060	1 
9061	92 
9062	279 
9063	138 
9064	246 
9065	173 
9066	302 
9067	50 
9068	300 
9069	295 
9070	65 
9071	28 
9072	20 
9073	91 
9074	119 
9075	141 
9076	225 
9077	13 
9078	118 
9079	10 
9080	261 
9081	243 
9082	203 
9083	194 
9084	119 
9085	233 
9086	194 
9087	139 
9088	138 
9089	246 
9090	247 
9091	116 
9092	301 
9093	218 
9094	101 
9095	21 
9096	181 
9097	205 
9098	259 
9099	11 
9100	88 
9101	83 
9102	51 
9103	66 
9104	41 
9105	101 
9106	89 
9107	5 
9108	170 
9109	271 
9110	20 
9111	249 
9112	46 
9113	119 
9114	30 
9115	271 
9116	107 
9117	282 
9118	85 
9119	59 
9120	227 
9121	210 
9122	143 
9123	107 
9124	252 
9125	178 
9126	217 
9127	75 
9128	224 
9129	220 
9130	103 
9131	259 
9132	148 
9133	184 
9134	101 
9135	65 
9136	9 
9137	70 
9138	281 
9139	287 
9140	180 
9141	268 
9142	69 
9143	161 
9144	233 
9145	209 
9146	9 
9147	297 
9148	229 
9149	303 
9150	7 
9151	85 
9152	270 
9153	142 
9154	184 
9155	203 
9156	279 
9157	5 
9158	55 
9159	292 
9160	226 
9161	68 
9162	156 
9163	161 
9164	61 
9165	181 
9166	217 
9167	277 
9168	245 
9169	254 
9170	168 
9171	83 
9172	19 
9173	125 
9174	129 
9175	279 
9176	39 
9177	123 
9178	101 
9179	116 
9180	47 
9181	253 
9182	233 
9183	75 
9184	29 
9185	107 
9186	89 
9187	86 
9188	144 
9189	9 
9190	290 
9191	119 
9192	255 
9193	103 
9194	232 
9195	112 
9196	25 
9197	215 
9198	76 
9199	39 
9200	22 
9201	41 
9202	46 
9203	69 
9204	67 
9205	167 
9206	273 
9207	234 
9208	133 
9209	165 
9210	17 
9211	123 
9212	129 
9213	162 
9214	83 
9215	70 
9216	218 
9217	293 
9218	254 
9219	172 
9220	141 
9221	98 
9222	255 
9223	111 
9224	152 
9225	208 
9226	262 
9227	211 
9228	165 
9229	184 
9230	3 
9231	52 
9232	75 
9233	92 
9234	25 
9235	78 
9236	273 
9237	111 
9238	134 
9239	56 
9240	32 
9241	91 
9242	105 
9243	211 
9244	241 
9245	186 
9246	93 
9247	37 
9248	251 
9249	188 
9250	180 
9251	204 
9252	255 
9253	109 
9254	110 
9255	80 
9256	303 
9257	27 
9258	294 
9259	132 
9260	190 
9261	227 
9262	196 
9263	27 
9264	189 
9265	249 
9266	33 
9267	167 
9268	284 
9269	144 
9270	116 
9271	290 
9272	302 
9273	136 
9274	21 
9275	36 
9276	107 
9277	106 
9278	290 
9279	273 
9280	267 
9281	251 
9282	151 
9283	83 
9284	105 
9285	297 
9286	72 
9287	199 
9288	35 
9289	21 
9290	71 
9291	79 
9292	23 
9293	190 
9294	28 
9295	10 
9296	21 
9297	17 
9298	113 
9299	274 
9300	49 
9301	190 
9302	86 
9303	186 
9304	111 
9305	133 
9306	208 
9307	99 
9308	190 
9309	230 
9310	234 
9311	173 
9312	50 
9313	39 
9314	145 
9315	259 
9316	244 
9317	23 
9318	296 
9319	272 
9320	4 
9321	227 
9322	99 
9323	282 
9324	131 
9325	87 
9326	180 
9327	171 
9328	92 
9329	27 
9330	73 
9331	237 
9332	125 
9333	25 
9334	151 
9335	165 
9336	236 
9337	195 
9338	168 
9339	109 
9340	150 
9341	159 
9342	4 
9343	119 
9344	214 
9345	244 
9346	32 
9347	205 
9348	275 
9349	8 
9350	36 
9351	83 
9352	53 
9353	27 
9354	37 
9355	196 
9356	242 
9357	64 
9358	149 
9359	239 
9360	133 
9361	238 
9362	48 
9363	279 
9364	83 
9365	270 
9366	238 
9367	111 
9368	303 
9369	55 
9370	74 
9371	233 
9372	191 
9373	169 
9374	87 
9375	88 
9376	31 
9377	279 
9378	73 
9379	135 
9380	30 
9381	88 
9382	283 
9383	276 
9384	37 
9385	166 
9386	10 
9387	63 
9388	282 
9389	84 
9390	228 
9391	95 
9392	263 
9393	293 
9394	202 
9395	188 
9396	22 
9397	295 
9398	287 
9399	248 
9400	109 
9401	275 
9402	168 
9403	285 
9404	112 
9405	214 
9406	109 
9407	179 
9408	15 
9409	221 
9410	97 
9411	110 
9412	146 
9413	248 
9414	87 
9415	190 
9416	98 
9417	252 
9418	195 
9419	189 
9420	175 
9421	224 
9422	225 
9423	249 
9424	159 
9425	202 
9426	126 
9427	303 
9428	23 
9429	163 
9430	26 
9431	113 
9432	135 
9433	24 
9434	15 
9435	287 
9436	163 
9437	85 
9438	96 
9439	119 
9440	70 
9441	279 
9442	293 
9443	229 
9444	59 
9445	219 
9446	222 
9447	298 
9448	131 
9449	142 
9450	220 
9451	125 
9452	203 
9453	80 
9454	251 
9455	61 
9456	241 
9457	191 
9458	280 
9459	52 
9460	3 
9461	258 
9462	271 
9463	54 
9464	110 
9465	109 
9466	194 
9467	176 
9468	232 
9469	232 
9470	302 
9471	57 
9472	44 
9473	250 
9474	303 
9475	269 
9476	168 
9477	231 
9478	197 
9479	244 
9480	190 
9481	303 
9482	163 
9483	202 
9484	250 
9485	267 
9486	260 
9487	50 
9488	222 
9489	53 
9490	214 
9491	231 
9492	32 
9493	250 
9494	250 
9495	131 
9496	198 
9497	183 
9498	110 
9499	244 
9500	95 
9501	269 
9502	150 
9503	223 
9504	180 
9505	303 
9506	291 
9507	248 
9508	63 
9509	81 
9510	234 
9511	3 
9512	46 
9513	140 
9514	270 
9515	205 
9516	122 
9517	141 
9518	21 
9519	153 
9520	24 
9521	286 
9522	185 
9523	253 
9524	184 
9525	201 
9526	73 
9527	71 
9528	143 
9529	255 
9530	134 
9531	296 
9532	303 
9533	131 
9534	214 
9535	202 
9536	279 
9537	160 
9538	111 
9539	149 
9540	78 
9541	59 
9542	124 
9543	197 
9544	109 
9545	245 
9546	23 
9547	233 
9548	250 
9549	155 
9550	158 
9551	83 
9552	29 
9553	299 
9554	233 
9555	85 
9556	277 
9557	253 
9558	279 
9559	221 
9560	303 
9561	183 
9562	10 
9563	20 
9564	279 
9565	227 
9566	176 
9567	30 
9568	230 
9569	54 
9570	116 
9571	121 
9572	249 
9573	214 
9574	10 
9575	302 
9576	27 
9577	220 
9578	26 
9579	3 
9580	13 
9581	5 
9582	115 
9583	293 
9584	138 
9585	261 
9586	182 
9587	230 
9588	190 
9589	132 
9590	82 
9591	100 
9592	79 
9593	206 
9594	240 
9595	250 
9596	273 
9597	120 
9598	89 
9599	230 
9600	42 
9601	220 
9602	36 
9603	147 
9604	183 
9605	89 
9606	2 
9607	29 
9608	126 
9609	289 
9610	291 
9611	249 
9612	173 
9613	171 
9614	9 
9615	15 
9616	126 
9617	22 
9618	91 
9619	219 
9620	6 
9621	61 
9622	233 
9623	22 
9624	127 
9625	189 
9626	61 
9627	121 
9628	71 
9629	278 
9630	202 
9631	57 
9632	192 
9633	117 
9634	70 
9635	110 
9636	295 
9637	8 
9638	273 
9639	130 
9640	247 
9641	23 
9642	223 
9643	53 
9644	64 
9645	26 
9646	168 
9647	237 
9648	244 
9649	185 
9650	302 
9651	36 
9652	217 
9653	65 
9654	119 
9655	88 
9656	249 
9657	75 
9658	196 
9659	151 
9660	241 
9661	139 
9662	56 
9663	217 
9664	181 
9665	243 
9666	101 
9667	100 
9668	302 
9669	258 
9670	235 
9671	36 
9672	236 
9673	292 
9674	156 
9675	51 
9676	297 
9677	53 
9678	293 
9679	145 
9680	165 
9681	32 
9682	274 
9683	173 
9684	99 
9685	50 
9686	41 
9687	153 
9688	133 
9689	144 
9690	104 
9691	168 
9692	61 
9693	102 
9694	276 
9695	82 
9696	17 
9697	53 
9698	90 
9699	248 
9700	3 
9701	30 
9702	127 
9703	122 
9704	187 
9705	59 
9706	298 
9707	209 
9708	224 
9709	85 
9710	235 
9711	3 
9712	70 
9713	138 
9714	235 
9715	195 
9716	129 
9717	201 
9718	237 
9719	84 
9720	227 
9721	255 
9722	3 
9723	254 
9724	92 
9725	37 
9726	41 
9727	126 
9728	46 
9729	137 
9730	271 
9731	293 
9732	76 
9733	13 
9734	117 
9735	144 
9736	83 
9737	241 
9738	160 
9739	99 
9740	88 
9741	162 
9742	113 
9743	60 
9744	141 
9745	124 
9746	273 
9747	8 
9748	243 
9749	119 
9750	184 
9751	244 
9752	105 
9753	95 
9754	30 
9755	149 
9756	3 
9757	240 
9758	276 
9759	133 
9760	217 
9761	100 
9762	245 
9763	7 
9764	247 
9765	131 
9766	164 
9767	152 
9768	70 
9769	19 
9770	153 
9771	282 
9772	260 
9773	15 
9774	9 
9775	254 
9776	34 
9777	151 
9778	153 
9779	179 
9780	240 
9781	254 
9782	223 
9783	166 
9784	214 
9785	96 
9786	186 
9787	20 
9788	199 
9789	27 
9790	172 
9791	130 
9792	174 
9793	54 
9794	37 
9795	254 
9796	157 
9797	199 
9798	87 
9799	111 
9800	233 
9801	54 
9802	33 
9803	178 
9804	247 
9805	58 
9806	163 
9807	192 
9808	234 
9809	85 
9810	204 
9811	189 
9812	198 
9813	101 
9814	17 
9815	188 
9816	194 
9817	139 
9818	90 
9819	248 
9820	132 
9821	222 
9822	113 
9823	146 
9824	145 
9825	190 
9826	301 
9827	280 
9828	279 
9829	57 
9830	199 
9831	120 
9832	260 
9833	54 
9834	165 
9835	10 
9836	143 
9837	156 
9838	290 
9839	218 
9840	257 
9841	204 
9842	285 
9843	196 
9844	256 
9845	257 
9846	139 
9847	277 
9848	30 
9849	270 
9850	235 
9851	62 
9852	247 
9853	105 
9854	24 
9855	17 
9856	102 
9857	72 
9858	245 
9859	35 
9860	146 
9861	203 
9862	197 
9863	208 
9864	79 
9865	229 
9866	276 
9867	33 
9868	302 
9869	87 
9870	293 
9871	27 
9872	107 
9873	64 
9874	128 
9875	226 
9876	141 
9877	4 
9878	293 
9879	292 
9880	291 
9881	196 
9882	15 
9883	24 
9884	39 
9885	175 
9886	208 
9887	254 
9888	177 
9889	89 
9890	82 
9891	102 
9892	298 
9893	295 
9894	160 
9895	39 
9896	27 
9897	133 
9898	109 
9899	24 
9900	104 
9901	51 
9902	91 
9903	203 
9904	303 
9905	148 
9906	223 
9907	55 
9908	230 
9909	42 
9910	73 
9911	90 
9912	149 
9913	178 
9914	255 
9915	204 
9916	251 
9917	254 
9918	211 
9919	284 
9920	12 
9921	153 
9922	2 
9923	131 
9924	151 
9925	150 
9926	35 
9927	92 
9928	55 
9929	172 
9930	137 
9931	196 
9932	272 
9933	62 
9934	136 
9935	271 
9936	76 
9937	9 
9938	155 
9939	301 
9940	3 
9941	53 
9942	249 
9943	126 
9944	144 
9945	197 
9946	93 
9947	210 
9948	179 
9949	95 
9950	24 
9951	39 
9952	76 
9953	102 
9954	17 
9955	75 
9956	15 
9957	109 
9958	180 
9959	45 
9960	6 
9961	253 
9962	40 
9963	152 
9964	247 
9965	3 
9966	139 
9967	280 
9968	123 
9969	84 
9970	101 
9971	102 
9972	228 
9973	292 
9974	89 
9975	97 
9976	76 
9977	92 
9978	52 
9979	181 
9980	55 
9981	213 
9982	108 
9983	242 
9984	142 
9985	66 
9986	88 
9987	232 
9988	39 
9989	153 
9990	149 
9991	277 
9992	167 
9993	121 
9994	36 
9995	259 
9996	258 
9997	209 
9998	199 
9999	141 
10000	149 
