1	47 
2	126 
3	60 
4	8 
5	23 
6	80 
7	96 
8	21 
9	41 
10	55 
11	46 
12	9 
13	141 
14	45 
15	73 
16	10 
17	13 
18	64 
19	3 
20	150 
21	66 
22	63 
23	49 
24	141 
25	112 
26	144 
27	14 
28	103 
29	15 
30	43 
31	84 
32	13 
33	69 
34	145 
35	31 
36	79 
37	147 
38	75 
39	41 
40	150 
41	45 
42	81 
43	94 
44	14 
45	38 
46	30 
47	136 
48	146 
49	141 
50	79 
51	29 
52	87 
53	50 
54	83 
55	32 
56	49 
57	42 
58	34 
59	2 
60	142 
61	100 
62	37 
63	30 
64	77 
65	60 
66	126 
67	138 
68	38 
69	49 
70	145 
71	154 
72	139 
73	72 
74	131 
75	114 
76	89 
77	79 
78	101 
79	89 
80	95 
81	97 
82	91 
83	50 
84	92 
85	141 
86	90 
87	6 
88	144 
89	83 
90	100 
91	9 
92	97 
93	125 
94	22 
95	38 
96	16 
97	150 
98	133 
99	68 
100	98 
101	39 
102	91 
103	75 
104	41 
105	117 
106	68 
107	17 
108	12 
109	71 
110	42 
111	23 
112	70 
113	77 
114	71 
115	104 
116	142 
117	96 
118	31 
119	79 
120	137 
121	80 
122	92 
123	92 
124	47 
125	17 
126	139 
127	127 
128	82 
129	90 
130	59 
131	117 
132	110 
133	123 
134	102 
135	94 
136	101 
137	1 
138	129 
139	102 
140	115 
141	134 
142	79 
143	48 
144	13 
145	32 
146	149 
147	75 
148	84 
149	80 
150	85 
151	72 
152	41 
153	85 
154	54 
155	131 
156	65 
157	59 
158	53 
159	39 
160	64 
161	97 
162	41 
163	50 
164	42 
165	84 
166	85 
167	92 
168	21 
169	138 
170	5 
171	138 
172	50 
173	102 
174	51 
175	23 
176	90 
177	107 
178	46 
179	88 
180	144 
181	31 
182	10 
183	86 
184	151 
185	63 
186	84 
187	150 
188	7 
189	46 
190	12 
191	46 
192	126 
193	58 
194	154 
195	5 
196	83 
197	59 
198	140 
199	72 
200	121 
201	25 
202	1 
203	72 
204	139 
205	14 
206	83 
207	21 
208	17 
209	84 
210	105 
211	5 
212	107 
213	103 
214	130 
215	149 
216	72 
217	36 
218	53 
219	44 
220	42 
221	38 
222	99 
223	5 
224	40 
225	23 
226	117 
227	85 
228	151 
229	30 
230	80 
231	30 
232	132 
233	34 
234	15 
235	62 
236	155 
237	2 
238	40 
239	127 
240	14 
241	72 
242	84 
243	146 
244	48 
245	71 
246	115 
247	40 
248	103 
249	96 
250	115 
251	136 
252	149 
253	111 
254	47 
255	35 
256	70 
257	50 
258	88 
259	9 
260	26 
261	96 
262	24 
263	118 
264	69 
265	126 
266	133 
267	13 
268	17 
269	136 
270	2 
271	42 
272	57 
273	32 
274	116 
275	127 
276	62 
277	104 
278	53 
279	126 
280	129 
281	77 
282	17 
283	103 
284	141 
285	130 
286	102 
287	23 
288	125 
289	115 
290	93 
291	39 
292	134 
293	141 
294	32 
295	27 
296	30 
297	79 
298	141 
299	31 
300	7 
301	21 
302	101 
303	146 
304	135 
305	15 
306	51 
307	57 
308	97 
309	50 
310	37 
311	7 
312	141 
313	142 
314	136 
315	120 
316	141 
317	5 
318	154 
319	60 
320	31 
321	108 
322	129 
323	29 
324	8 
325	143 
326	90 
327	18 
328	30 
329	31 
330	155 
331	138 
332	61 
333	66 
334	137 
335	76 
336	129 
337	39 
338	81 
339	45 
340	68 
341	43 
342	30 
343	110 
344	10 
345	54 
346	16 
347	31 
348	50 
349	11 
350	15 
351	61 
352	142 
353	122 
354	21 
355	132 
356	124 
357	110 
358	7 
359	34 
360	151 
361	12 
362	92 
363	80 
364	34 
365	26 
366	111 
367	71 
368	84 
369	137 
370	52 
371	142 
372	68 
373	124 
374	74 
375	37 
376	13 
377	101 
378	152 
379	114 
380	60 
381	81 
382	152 
383	61 
384	88 
385	62 
386	139 
387	121 
388	144 
389	87 
390	72 
391	11 
392	139 
393	114 
394	22 
395	48 
396	50 
397	129 
398	1 
399	87 
400	13 
401	104 
402	47 
403	95 
404	9 
405	66 
406	46 
407	146 
408	63 
409	116 
410	103 
411	78 
412	109 
413	55 
414	12 
415	120 
416	153 
417	136 
418	95 
419	46 
420	115 
421	27 
422	105 
423	121 
424	30 
425	60 
426	107 
427	120 
428	6 
429	16 
430	61 
431	134 
432	90 
433	127 
434	78 
435	139 
436	56 
437	58 
438	145 
439	151 
440	48 
441	23 
442	131 
443	55 
444	108 
445	84 
446	36 
447	35 
448	78 
449	30 
450	5 
451	95 
452	57 
453	19 
454	104 
455	153 
456	110 
457	102 
458	6 
459	100 
460	52 
461	71 
462	64 
463	43 
464	69 
465	56 
466	18 
467	78 
468	41 
469	75 
470	136 
471	29 
472	20 
473	99 
474	3 
475	19 
476	61 
477	139 
478	101 
479	13 
480	28 
481	49 
482	83 
483	48 
484	75 
485	11 
486	91 
487	154 
488	33 
489	38 
490	119 
491	105 
492	10 
493	139 
494	32 
495	133 
496	107 
497	112 
498	80 
499	103 
500	133 
501	74 
502	59 
503	33 
504	67 
505	132 
506	20 
507	140 
508	69 
509	21 
510	44 
511	107 
512	79 
513	97 
514	1 
515	37 
516	78 
517	47 
518	20 
519	69 
520	39 
521	154 
522	147 
523	69 
524	35 
525	17 
526	4 
527	155 
528	38 
529	53 
530	74 
531	118 
532	126 
533	142 
534	69 
535	46 
536	85 
537	11 
538	19 
539	118 
540	104 
541	56 
542	80 
543	138 
544	66 
545	90 
546	110 
547	91 
548	29 
549	16 
550	125 
551	45 
552	71 
553	51 
554	148 
555	31 
556	82 
557	147 
558	85 
559	151 
560	58 
561	50 
562	138 
563	137 
564	72 
565	150 
566	77 
567	19 
568	103 
569	34 
570	81 
571	22 
572	45 
573	104 
574	84 
575	90 
576	142 
577	57 
578	103 
579	13 
580	14 
581	35 
582	91 
583	51 
584	78 
585	56 
586	138 
587	21 
588	107 
589	30 
590	134 
591	108 
592	58 
593	38 
594	135 
595	35 
596	139 
597	58 
598	28 
599	34 
600	133 
601	57 
602	116 
603	113 
604	26 
605	67 
606	153 
607	131 
608	105 
609	90 
610	129 
611	45 
612	55 
613	71 
614	110 
615	75 
616	17 
617	56 
618	45 
619	24 
620	43 
621	8 
622	139 
623	116 
624	69 
625	77 
626	95 
627	112 
628	92 
629	34 
630	49 
631	111 
632	19 
633	113 
634	130 
635	5 
636	15 
637	121 
638	58 
639	107 
640	43 
641	118 
642	138 
643	92 
644	5 
645	54 
646	31 
647	106 
648	108 
649	49 
650	114 
651	81 
652	109 
653	17 
654	125 
655	29 
656	47 
657	110 
658	134 
659	130 
660	124 
661	21 
662	33 
663	47 
664	33 
665	78 
666	64 
667	134 
668	30 
669	110 
670	50 
671	29 
672	36 
673	55 
674	155 
675	150 
676	68 
677	73 
678	87 
679	89 
680	118 
681	99 
682	59 
683	73 
684	135 
685	15 
686	127 
687	71 
688	106 
689	154 
690	90 
691	86 
692	146 
693	80 
694	1 
695	126 
696	120 
697	152 
698	140 
699	45 
700	155 
701	108 
702	93 
703	109 
704	3 
705	124 
706	4 
707	107 
708	5 
709	14 
710	86 
711	43 
712	107 
713	70 
714	135 
715	57 
716	11 
717	39 
718	66 
719	28 
720	74 
721	142 
722	124 
723	148 
724	142 
725	16 
726	63 
727	115 
728	26 
729	121 
730	147 
731	149 
732	138 
733	77 
734	113 
735	85 
736	81 
737	46 
738	135 
739	81 
740	110 
741	90 
742	2 
743	52 
744	98 
745	62 
746	61 
747	38 
748	40 
749	57 
750	103 
751	84 
752	142 
753	79 
754	75 
755	42 
756	72 
757	62 
758	113 
759	131 
760	96 
761	91 
762	53 
763	91 
764	84 
765	102 
766	17 
767	83 
768	70 
769	40 
770	76 
771	36 
772	135 
773	69 
774	111 
775	85 
776	60 
777	26 
778	14 
779	62 
780	13 
781	154 
782	117 
783	82 
784	74 
785	140 
786	18 
787	90 
788	50 
789	42 
790	153 
791	31 
792	127 
793	153 
794	12 
795	105 
796	111 
797	36 
798	71 
799	142 
800	31 
801	118 
802	11 
803	89 
804	12 
805	32 
806	43 
807	69 
808	57 
809	53 
810	127 
811	48 
812	9 
813	97 
814	67 
815	129 
816	38 
817	53 
818	46 
819	101 
820	148 
821	50 
822	116 
823	143 
824	96 
825	129 
826	147 
827	56 
828	116 
829	66 
830	10 
831	83 
832	92 
833	136 
834	19 
835	64 
836	62 
837	155 
838	25 
839	138 
840	74 
841	3 
842	125 
843	140 
844	15 
845	97 
846	53 
847	61 
848	103 
849	154 
850	102 
851	122 
852	33 
853	71 
854	69 
855	96 
856	119 
857	52 
858	81 
859	142 
860	54 
861	31 
862	53 
863	44 
864	139 
865	76 
866	7 
867	88 
868	68 
869	73 
870	130 
871	115 
872	75 
873	134 
874	94 
875	21 
876	68 
877	104 
878	146 
879	133 
880	84 
881	44 
882	106 
883	121 
884	112 
885	152 
886	30 
887	114 
888	101 
889	103 
890	154 
891	28 
892	133 
893	114 
894	67 
895	55 
896	83 
897	48 
898	4 
899	80 
900	63 
901	48 
902	90 
903	32 
904	150 
905	45 
906	21 
907	127 
908	11 
909	119 
910	77 
911	4 
912	115 
913	21 
914	145 
915	39 
916	132 
917	134 
918	9 
919	15 
920	62 
921	60 
922	20 
923	144 
924	140 
925	131 
926	22 
927	142 
928	43 
929	151 
930	8 
931	21 
932	61 
933	150 
934	45 
935	26 
936	15 
937	35 
938	89 
939	88 
940	123 
941	72 
942	142 
943	57 
944	64 
945	76 
946	37 
947	8 
948	125 
949	67 
950	84 
951	11 
952	59 
953	85 
954	143 
955	55 
956	141 
957	37 
958	128 
959	95 
960	105 
961	59 
962	95 
963	3 
964	46 
965	68 
966	19 
967	84 
968	152 
969	68 
970	132 
971	81 
972	20 
973	79 
974	140 
975	59 
976	77 
977	117 
978	18 
979	17 
980	81 
981	27 
982	79 
983	131 
984	15 
985	151 
986	38 
987	116 
988	10 
989	136 
990	19 
991	96 
992	43 
993	38 
994	36 
995	22 
996	97 
997	8 
998	106 
999	27 
1000	149 
1001	117 
1002	143 
1003	9 
1004	51 
1005	19 
1006	71 
1007	140 
1008	149 
1009	137 
1010	62 
1011	75 
1012	64 
1013	117 
1014	50 
1015	64 
1016	62 
1017	49 
1018	131 
1019	4 
1020	136 
1021	104 
1022	41 
1023	147 
1024	23 
1025	110 
1026	111 
1027	29 
1028	129 
1029	57 
1030	94 
1031	14 
1032	118 
1033	122 
1034	152 
1035	8 
1036	121 
1037	61 
1038	78 
1039	27 
1040	152 
1041	85 
1042	74 
1043	109 
1044	22 
1045	58 
1046	83 
1047	105 
1048	122 
1049	131 
1050	107 
1051	115 
1052	38 
1053	123 
1054	145 
1055	130 
1056	103 
1057	48 
1058	82 
1059	57 
1060	11 
1061	33 
1062	6 
1063	15 
1064	10 
1065	42 
1066	102 
1067	102 
1068	28 
1069	143 
1070	24 
1071	118 
1072	137 
1073	46 
1074	126 
1075	112 
1076	85 
1077	55 
1078	54 
1079	59 
1080	84 
1081	114 
1082	126 
1083	46 
1084	1 
1085	112 
1086	69 
1087	64 
1088	137 
1089	83 
1090	142 
1091	121 
1092	71 
1093	86 
1094	106 
1095	137 
1096	129 
1097	47 
1098	90 
1099	33 
1100	57 
1101	2 
1102	28 
1103	10 
1104	85 
1105	77 
1106	92 
1107	147 
1108	107 
1109	34 
1110	25 
1111	145 
1112	107 
1113	56 
1114	129 
1115	11 
1116	38 
1117	11 
1118	63 
1119	126 
1120	109 
1121	59 
1122	69 
1123	7 
1124	142 
1125	146 
1126	12 
1127	33 
1128	111 
1129	141 
1130	3 
1131	139 
1132	31 
1133	148 
1134	154 
1135	63 
1136	149 
1137	18 
1138	28 
1139	88 
1140	133 
1141	21 
1142	140 
1143	110 
1144	100 
1145	51 
1146	30 
1147	19 
1148	135 
1149	38 
1150	143 
1151	58 
1152	109 
1153	60 
1154	17 
1155	19 
1156	94 
1157	85 
1158	69 
1159	137 
1160	35 
1161	22 
1162	138 
1163	52 
1164	116 
1165	154 
1166	52 
1167	57 
1168	16 
1169	136 
1170	89 
1171	133 
1172	119 
1173	37 
1174	19 
1175	141 
1176	69 
1177	122 
1178	5 
1179	153 
1180	71 
1181	1 
1182	102 
1183	100 
1184	94 
1185	98 
1186	69 
1187	42 
1188	124 
1189	106 
1190	71 
1191	4 
1192	39 
1193	74 
1194	43 
1195	136 
1196	37 
1197	98 
1198	126 
1199	13 
1200	72 
1201	68 
1202	155 
1203	13 
1204	15 
1205	116 
1206	135 
1207	47 
1208	54 
1209	154 
1210	149 
1211	136 
1212	122 
1213	13 
1214	103 
1215	83 
1216	48 
1217	23 
1218	78 
1219	55 
1220	41 
1221	71 
1222	38 
1223	90 
1224	47 
1225	153 
1226	146 
1227	48 
1228	3 
1229	2 
1230	103 
1231	139 
1232	69 
1233	46 
1234	136 
1235	15 
1236	67 
1237	129 
1238	73 
1239	100 
1240	35 
1241	92 
1242	153 
1243	49 
1244	61 
1245	11 
1246	116 
1247	2 
1248	33 
1249	117 
1250	15 
1251	5 
1252	31 
1253	27 
1254	98 
1255	116 
1256	16 
1257	1 
1258	118 
1259	111 
1260	135 
1261	129 
1262	129 
1263	48 
1264	5 
1265	21 
1266	70 
1267	70 
1268	14 
1269	71 
1270	28 
1271	118 
1272	80 
1273	6 
1274	7 
1275	21 
1276	2 
1277	140 
1278	31 
1279	151 
1280	53 
1281	80 
1282	5 
1283	132 
1284	38 
1285	25 
1286	129 
1287	80 
1288	129 
1289	66 
1290	6 
1291	67 
1292	70 
1293	91 
1294	123 
1295	90 
1296	62 
1297	114 
1298	85 
1299	106 
1300	64 
1301	15 
1302	38 
1303	108 
1304	79 
1305	43 
1306	1 
1307	71 
1308	41 
1309	115 
1310	155 
1311	48 
1312	83 
1313	121 
1314	108 
1315	30 
1316	11 
1317	108 
1318	141 
1319	62 
1320	33 
1321	114 
1322	45 
1323	139 
1324	98 
1325	142 
1326	5 
1327	121 
1328	102 
1329	72 
1330	65 
1331	76 
1332	12 
1333	25 
1334	6 
1335	8 
1336	31 
1337	57 
1338	137 
1339	70 
1340	72 
1341	129 
1342	132 
1343	137 
1344	114 
1345	13 
1346	112 
1347	26 
1348	50 
1349	34 
1350	103 
1351	101 
1352	84 
1353	132 
1354	147 
1355	42 
1356	91 
1357	40 
1358	15 
1359	119 
1360	139 
1361	74 
1362	87 
1363	45 
1364	89 
1365	59 
1366	28 
1367	115 
1368	137 
1369	46 
1370	138 
1371	55 
1372	152 
1373	10 
1374	29 
1375	21 
1376	71 
1377	134 
1378	142 
1379	111 
1380	116 
1381	3 
1382	59 
1383	98 
1384	145 
1385	128 
1386	22 
1387	73 
1388	93 
1389	143 
1390	60 
1391	118 
1392	107 
1393	120 
1394	146 
1395	102 
1396	56 
1397	94 
1398	115 
1399	96 
1400	65 
1401	51 
1402	117 
1403	142 
1404	51 
1405	148 
1406	109 
1407	123 
1408	58 
1409	142 
1410	13 
1411	41 
1412	58 
1413	60 
1414	119 
1415	83 
1416	72 
1417	60 
1418	73 
1419	71 
1420	47 
1421	130 
1422	29 
1423	151 
1424	29 
1425	114 
1426	139 
1427	134 
1428	135 
1429	34 
1430	46 
1431	89 
1432	136 
1433	86 
1434	146 
1435	50 
1436	121 
1437	119 
1438	53 
1439	154 
1440	67 
1441	85 
1442	117 
1443	100 
1444	80 
1445	123 
1446	62 
1447	121 
1448	21 
1449	89 
1450	121 
1451	21 
1452	125 
1453	74 
1454	39 
1455	147 
1456	43 
1457	40 
1458	74 
1459	120 
1460	126 
1461	36 
1462	13 
1463	1 
1464	114 
1465	26 
1466	85 
1467	35 
1468	38 
1469	133 
1470	63 
1471	15 
1472	92 
1473	136 
1474	80 
1475	61 
1476	68 
1477	116 
1478	108 
1479	2 
1480	59 
1481	117 
1482	28 
1483	112 
1484	122 
1485	35 
1486	58 
1487	79 
1488	78 
1489	89 
1490	10 
1491	129 
1492	1 
1493	47 
1494	35 
1495	15 
1496	110 
1497	65 
1498	63 
1499	47 
1500	27 
1501	116 
1502	79 
1503	50 
1504	91 
1505	138 
1506	35 
1507	108 
1508	6 
1509	56 
1510	28 
1511	149 
1512	69 
1513	120 
1514	88 
1515	9 
1516	102 
1517	56 
1518	3 
1519	63 
1520	25 
1521	107 
1522	46 
1523	138 
1524	150 
1525	138 
1526	130 
1527	128 
1528	124 
1529	60 
1530	116 
1531	36 
1532	17 
1533	40 
1534	85 
1535	37 
1536	91 
1537	47 
1538	20 
1539	99 
1540	125 
1541	45 
1542	82 
1543	39 
1544	106 
1545	108 
1546	110 
1547	72 
1548	65 
1549	54 
1550	13 
1551	110 
1552	110 
1553	30 
1554	3 
1555	146 
1556	45 
1557	83 
1558	54 
1559	70 
1560	67 
1561	126 
1562	19 
1563	36 
1564	44 
1565	142 
1566	9 
1567	149 
1568	81 
1569	77 
1570	149 
1571	13 
1572	55 
1573	122 
1574	139 
1575	93 
1576	76 
1577	98 
1578	102 
1579	4 
1580	93 
1581	13 
1582	88 
1583	85 
1584	11 
1585	13 
1586	79 
1587	57 
1588	31 
1589	152 
1590	8 
1591	106 
1592	123 
1593	19 
1594	122 
1595	152 
1596	102 
1597	55 
1598	53 
1599	110 
1600	61 
1601	55 
1602	122 
1603	38 
1604	3 
1605	39 
1606	102 
1607	67 
1608	90 
1609	45 
1610	121 
1611	109 
1612	80 
1613	109 
1614	121 
1615	15 
1616	115 
1617	74 
1618	85 
1619	13 
1620	18 
1621	90 
1622	146 
1623	46 
1624	42 
1625	131 
1626	136 
1627	116 
1628	42 
1629	129 
1630	131 
1631	52 
1632	147 
1633	45 
1634	76 
1635	74 
1636	144 
1637	154 
1638	137 
1639	1 
1640	30 
1641	49 
1642	100 
1643	125 
1644	102 
1645	4 
1646	69 
1647	57 
1648	18 
1649	14 
1650	6 
1651	106 
1652	40 
1653	57 
1654	81 
1655	127 
1656	72 
1657	53 
1658	30 
1659	5 
1660	66 
1661	150 
1662	85 
1663	71 
1664	13 
1665	154 
1666	18 
1667	19 
1668	60 
1669	66 
1670	107 
1671	118 
1672	105 
1673	147 
1674	137 
1675	108 
1676	21 
1677	101 
1678	101 
1679	30 
1680	68 
1681	23 
1682	26 
1683	151 
1684	112 
1685	112 
1686	107 
1687	38 
1688	104 
1689	119 
1690	38 
1691	151 
1692	13 
1693	23 
1694	37 
1695	91 
1696	63 
1697	66 
1698	67 
1699	73 
1700	15 
1701	154 
1702	72 
1703	16 
1704	21 
1705	11 
1706	115 
1707	18 
1708	123 
1709	85 
1710	1 
1711	138 
1712	1 
1713	60 
1714	33 
1715	129 
1716	7 
1717	34 
1718	101 
1719	19 
1720	73 
1721	13 
1722	18 
1723	120 
1724	75 
1725	85 
1726	142 
1727	145 
1728	86 
1729	155 
1730	57 
1731	149 
1732	54 
1733	30 
1734	120 
1735	92 
1736	113 
1737	9 
1738	104 
1739	6 
1740	75 
1741	149 
1742	107 
1743	101 
1744	76 
1745	149 
1746	31 
1747	16 
1748	128 
1749	63 
1750	50 
1751	49 
1752	20 
1753	39 
1754	59 
1755	119 
1756	43 
1757	113 
1758	44 
1759	27 
1760	154 
1761	148 
1762	88 
1763	75 
1764	142 
1765	153 
1766	43 
1767	5 
1768	32 
1769	6 
1770	11 
1771	146 
1772	23 
1773	41 
1774	116 
1775	67 
1776	46 
1777	57 
1778	74 
1779	129 
1780	148 
1781	114 
1782	115 
1783	16 
1784	23 
1785	80 
1786	87 
1787	59 
1788	60 
1789	146 
1790	60 
1791	26 
1792	118 
1793	15 
1794	19 
1795	67 
1796	137 
1797	68 
1798	1 
1799	57 
1800	33 
1801	131 
1802	111 
1803	60 
1804	25 
1805	9 
1806	52 
1807	104 
1808	60 
1809	4 
1810	111 
1811	126 
1812	83 
1813	118 
1814	16 
1815	43 
1816	84 
1817	128 
1818	2 
1819	118 
1820	71 
1821	82 
1822	56 
1823	57 
1824	80 
1825	64 
1826	26 
1827	99 
1828	48 
1829	95 
1830	30 
1831	73 
1832	124 
1833	4 
1834	22 
1835	5 
1836	90 
1837	137 
1838	141 
1839	58 
1840	52 
1841	84 
1842	56 
1843	98 
1844	87 
1845	86 
1846	126 
1847	73 
1848	19 
1849	64 
1850	6 
1851	48 
1852	83 
1853	99 
1854	93 
1855	137 
1856	61 
1857	78 
1858	101 
1859	106 
1860	140 
1861	87 
1862	121 
1863	83 
1864	16 
1865	37 
1866	153 
1867	12 
1868	49 
1869	147 
1870	6 
1871	138 
1872	62 
1873	53 
1874	80 
1875	35 
1876	2 
1877	55 
1878	16 
1879	17 
1880	34 
1881	96 
1882	11 
1883	31 
1884	149 
1885	53 
1886	55 
1887	137 
1888	138 
1889	43 
1890	133 
1891	32 
1892	82 
1893	15 
1894	38 
1895	68 
1896	124 
1897	140 
1898	152 
1899	66 
1900	19 
1901	154 
1902	139 
1903	149 
1904	80 
1905	107 
1906	107 
1907	21 
1908	7 
1909	51 
1910	88 
1911	40 
1912	130 
1913	15 
1914	150 
1915	122 
1916	2 
1917	31 
1918	118 
1919	71 
1920	94 
1921	59 
1922	45 
1923	138 
1924	15 
1925	48 
1926	120 
1927	60 
1928	25 
1929	58 
1930	84 
1931	146 
1932	92 
1933	15 
1934	146 
1935	88 
1936	122 
1937	76 
1938	71 
1939	14 
1940	125 
1941	43 
1942	13 
1943	2 
1944	13 
1945	138 
1946	74 
1947	71 
1948	103 
1949	33 
1950	154 
1951	14 
1952	37 
1953	77 
1954	118 
1955	18 
1956	12 
1957	2 
1958	81 
1959	66 
1960	148 
1961	98 
1962	98 
1963	88 
1964	138 
1965	142 
1966	8 
1967	75 
1968	102 
1969	30 
1970	103 
1971	53 
1972	55 
1973	62 
1974	18 
1975	53 
1976	153 
1977	16 
1978	8 
1979	31 
1980	38 
1981	147 
1982	132 
1983	102 
1984	150 
1985	75 
1986	86 
1987	131 
1988	58 
1989	150 
1990	91 
1991	53 
1992	144 
1993	80 
1994	112 
1995	131 
1996	107 
1997	8 
1998	24 
1999	64 
2000	142 
2001	130 
2002	140 
2003	89 
2004	5 
2005	93 
2006	96 
2007	151 
2008	75 
2009	33 
2010	132 
2011	88 
2012	106 
2013	5 
2014	70 
2015	66 
2016	66 
2017	30 
2018	14 
2019	144 
2020	77 
2021	106 
2022	44 
2023	65 
2024	91 
2025	92 
2026	21 
2027	139 
2028	129 
2029	44 
2030	65 
2031	21 
2032	94 
2033	38 
2034	97 
2035	49 
2036	139 
2037	146 
2038	61 
2039	137 
2040	101 
2041	8 
2042	110 
2043	66 
2044	43 
2045	53 
2046	17 
2047	38 
2048	138 
2049	68 
2050	64 
2051	121 
2052	13 
2053	54 
2054	62 
2055	110 
2056	82 
2057	61 
2058	66 
2059	154 
2060	60 
2061	15 
2062	58 
2063	83 
2064	13 
2065	155 
2066	137 
2067	112 
2068	77 
2069	56 
2070	71 
2071	83 
2072	13 
2073	93 
2074	153 
2075	132 
2076	53 
2077	80 
2078	83 
2079	76 
2080	44 
2081	64 
2082	8 
2083	118 
2084	129 
2085	51 
2086	66 
2087	82 
2088	5 
2089	38 
2090	91 
2091	155 
2092	89 
2093	66 
2094	6 
2095	149 
2096	106 
2097	62 
2098	95 
2099	8 
2100	132 
2101	49 
2102	90 
2103	72 
2104	37 
2105	42 
2106	136 
2107	145 
2108	5 
2109	126 
2110	84 
2111	27 
2112	129 
2113	39 
2114	134 
2115	73 
2116	45 
2117	93 
2118	63 
2119	88 
2120	155 
2121	41 
2122	20 
2123	46 
2124	14 
2125	99 
2126	102 
2127	48 
2128	44 
2129	103 
2130	69 
2131	121 
2132	21 
2133	105 
2134	121 
2135	146 
2136	46 
2137	99 
2138	107 
2139	133 
2140	139 
2141	69 
2142	143 
2143	65 
2144	112 
2145	53 
2146	34 
2147	38 
2148	48 
2149	109 
2150	76 
2151	61 
2152	55 
2153	72 
2154	137 
2155	72 
2156	78 
2157	146 
2158	114 
2159	56 
2160	30 
2161	109 
2162	122 
2163	14 
2164	117 
2165	142 
2166	89 
2167	131 
2168	96 
2169	49 
2170	17 
2171	7 
2172	11 
2173	30 
2174	155 
2175	103 
2176	147 
2177	126 
2178	99 
2179	66 
2180	18 
2181	6 
2182	137 
2183	71 
2184	67 
2185	116 
2186	46 
2187	90 
2188	76 
2189	36 
2190	1 
2191	141 
2192	78 
2193	104 
2194	66 
2195	20 
2196	12 
2197	66 
2198	136 
2199	88 
2200	64 
2201	154 
2202	34 
2203	58 
2204	131 
2205	25 
2206	155 
2207	58 
2208	88 
2209	115 
2210	109 
2211	50 
2212	38 
2213	32 
2214	56 
2215	72 
2216	82 
2217	68 
2218	131 
2219	17 
2220	150 
2221	104 
2222	132 
2223	140 
2224	2 
2225	93 
2226	87 
2227	63 
2228	10 
2229	138 
2230	121 
2231	103 
2232	19 
2233	28 
2234	46 
2235	127 
2236	62 
2237	24 
2238	118 
2239	150 
2240	9 
2241	53 
2242	31 
2243	142 
2244	95 
2245	131 
2246	56 
2247	8 
2248	3 
2249	122 
2250	137 
2251	28 
2252	105 
2253	108 
2254	84 
2255	17 
2256	123 
2257	72 
2258	97 
2259	125 
2260	14 
2261	123 
2262	31 
2263	122 
2264	23 
2265	63 
2266	23 
2267	80 
2268	53 
2269	41 
2270	16 
2271	51 
2272	20 
2273	17 
2274	98 
2275	53 
2276	45 
2277	42 
2278	149 
2279	75 
2280	68 
2281	25 
2282	58 
2283	21 
2284	98 
2285	52 
2286	35 
2287	15 
2288	48 
2289	133 
2290	124 
2291	91 
2292	76 
2293	72 
2294	36 
2295	126 
2296	46 
2297	31 
2298	136 
2299	139 
2300	71 
2301	32 
2302	106 
2303	138 
2304	60 
2305	63 
2306	28 
2307	18 
2308	52 
2309	9 
2310	25 
2311	106 
2312	38 
2313	46 
2314	46 
2315	90 
2316	76 
2317	82 
2318	130 
2319	38 
2320	89 
2321	38 
2322	104 
2323	47 
2324	147 
2325	109 
2326	2 
2327	19 
2328	97 
2329	36 
2330	152 
2331	33 
2332	8 
2333	78 
2334	110 
2335	131 
2336	40 
2337	84 
2338	139 
2339	152 
2340	27 
2341	105 
2342	116 
2343	151 
2344	105 
2345	57 
2346	70 
2347	53 
2348	102 
2349	133 
2350	84 
2351	38 
2352	99 
2353	107 
2354	41 
2355	128 
2356	122 
2357	136 
2358	84 
2359	76 
2360	15 
2361	132 
2362	6 
2363	24 
2364	71 
2365	142 
2366	25 
2367	34 
2368	118 
2369	50 
2370	120 
2371	41 
2372	113 
2373	116 
2374	18 
2375	86 
2376	141 
2377	1 
2378	146 
2379	125 
2380	49 
2381	95 
2382	56 
2383	53 
2384	82 
2385	22 
2386	133 
2387	85 
2388	154 
2389	95 
2390	44 
2391	7 
2392	141 
2393	89 
2394	88 
2395	154 
2396	48 
2397	82 
2398	24 
2399	84 
2400	4 
2401	24 
2402	148 
2403	139 
2404	115 
2405	127 
2406	94 
2407	26 
2408	51 
2409	23 
2410	34 
2411	24 
2412	48 
2413	154 
2414	53 
2415	107 
2416	105 
2417	101 
2418	60 
2419	5 
2420	93 
2421	45 
2422	146 
2423	61 
2424	85 
2425	41 
2426	129 
2427	2 
2428	7 
2429	118 
2430	137 
2431	113 
2432	131 
2433	14 
2434	107 
2435	154 
2436	2 
2437	138 
2438	74 
2439	120 
2440	87 
2441	150 
2442	117 
2443	7 
2444	140 
2445	36 
2446	18 
2447	12 
2448	141 
2449	122 
2450	77 
2451	20 
2452	18 
2453	32 
2454	53 
2455	127 
2456	95 
2457	46 
2458	134 
2459	50 
2460	109 
2461	126 
2462	94 
2463	139 
2464	103 
2465	52 
2466	153 
2467	93 
2468	105 
2469	97 
2470	104 
2471	64 
2472	24 
2473	8 
2474	124 
2475	56 
2476	84 
2477	125 
2478	2 
2479	112 
2480	100 
2481	108 
2482	52 
2483	83 
2484	127 
2485	60 
2486	60 
2487	30 
2488	34 
2489	32 
2490	70 
2491	50 
2492	95 
2493	67 
2494	130 
2495	147 
2496	126 
2497	66 
2498	111 
2499	86 
2500	143 
2501	49 
2502	143 
2503	111 
2504	155 
2505	149 
2506	32 
2507	60 
2508	43 
2509	44 
2510	5 
2511	69 
2512	66 
2513	84 
2514	101 
2515	47 
2516	150 
2517	129 
2518	117 
2519	29 
2520	17 
2521	143 
2522	17 
2523	146 
2524	121 
2525	12 
2526	63 
2527	110 
2528	115 
2529	53 
2530	15 
2531	133 
2532	61 
2533	151 
2534	78 
2535	139 
2536	47 
2537	153 
2538	86 
2539	122 
2540	93 
2541	67 
2542	7 
2543	81 
2544	56 
2545	21 
2546	7 
2547	11 
2548	137 
2549	135 
2550	92 
2551	104 
2552	32 
2553	75 
2554	7 
2555	46 
2556	146 
2557	44 
2558	15 
2559	131 
2560	85 
2561	61 
2562	33 
2563	132 
2564	28 
2565	3 
2566	118 
2567	54 
2568	34 
2569	103 
2570	64 
2571	34 
2572	100 
2573	145 
2574	40 
2575	109 
2576	105 
2577	119 
2578	75 
2579	98 
2580	117 
2581	13 
2582	90 
2583	62 
2584	73 
2585	28 
2586	50 
2587	11 
2588	82 
2589	17 
2590	15 
2591	141 
2592	125 
2593	48 
2594	39 
2595	86 
2596	136 
2597	129 
2598	24 
2599	80 
2600	40 
2601	94 
2602	71 
2603	26 
2604	132 
2605	72 
2606	12 
2607	119 
2608	58 
2609	147 
2610	116 
2611	6 
2612	32 
2613	80 
2614	53 
2615	10 
2616	115 
2617	105 
2618	45 
2619	90 
2620	35 
2621	152 
2622	125 
2623	139 
2624	26 
2625	131 
2626	35 
2627	64 
2628	144 
2629	77 
2630	71 
2631	128 
2632	124 
2633	148 
2634	1 
2635	89 
2636	137 
2637	22 
2638	46 
2639	64 
2640	88 
2641	55 
2642	41 
2643	154 
2644	87 
2645	2 
2646	129 
2647	104 
2648	121 
2649	35 
2650	49 
2651	19 
2652	107 
2653	63 
2654	143 
2655	80 
2656	14 
2657	50 
2658	125 
2659	70 
2660	17 
2661	123 
2662	46 
2663	64 
2664	52 
2665	20 
2666	98 
2667	145 
2668	134 
2669	141 
2670	110 
2671	123 
2672	76 
2673	126 
2674	22 
2675	120 
2676	103 
2677	34 
2678	140 
2679	116 
2680	40 
2681	90 
2682	76 
2683	145 
2684	107 
2685	140 
2686	140 
2687	90 
2688	58 
2689	128 
2690	103 
2691	62 
2692	144 
2693	9 
2694	97 
2695	10 
2696	16 
2697	5 
2698	155 
2699	51 
2700	101 
2701	82 
2702	83 
2703	60 
2704	85 
2705	119 
2706	61 
2707	35 
2708	121 
2709	49 
2710	7 
2711	134 
2712	38 
2713	81 
2714	43 
2715	3 
2716	15 
2717	63 
2718	75 
2719	147 
2720	142 
2721	104 
2722	142 
2723	142 
2724	92 
2725	60 
2726	34 
2727	79 
2728	37 
2729	16 
2730	45 
2731	85 
2732	77 
2733	59 
2734	133 
2735	59 
2736	46 
2737	55 
2738	6 
2739	85 
2740	155 
2741	54 
2742	150 
2743	96 
2744	46 
2745	32 
2746	47 
2747	5 
2748	20 
2749	34 
2750	14 
2751	41 
2752	41 
2753	31 
2754	13 
2755	65 
2756	85 
2757	141 
2758	18 
2759	83 
2760	139 
2761	74 
2762	147 
2763	66 
2764	149 
2765	85 
2766	86 
2767	16 
2768	58 
2769	55 
2770	16 
2771	79 
2772	81 
2773	17 
2774	75 
2775	4 
2776	50 
2777	99 
2778	118 
2779	53 
2780	31 
2781	126 
2782	96 
2783	87 
2784	13 
2785	19 
2786	114 
2787	39 
2788	106 
2789	44 
2790	35 
2791	154 
2792	23 
2793	86 
2794	137 
2795	85 
2796	75 
2797	38 
2798	81 
2799	144 
2800	43 
2801	108 
2802	64 
2803	104 
2804	36 
2805	88 
2806	46 
2807	102 
2808	53 
2809	142 
2810	6 
2811	82 
2812	90 
2813	111 
2814	87 
2815	140 
2816	90 
2817	13 
2818	44 
2819	104 
2820	38 
2821	80 
2822	48 
2823	8 
2824	67 
2825	82 
2826	145 
2827	56 
2828	91 
2829	64 
2830	117 
2831	116 
2832	47 
2833	42 
2834	99 
2835	75 
2836	112 
2837	54 
2838	99 
2839	131 
2840	89 
2841	112 
2842	130 
2843	105 
2844	13 
2845	100 
2846	59 
2847	18 
2848	28 
2849	110 
2850	118 
2851	136 
2852	113 
2853	18 
2854	145 
2855	126 
2856	53 
2857	17 
2858	58 
2859	73 
2860	11 
2861	37 
2862	128 
2863	149 
2864	102 
2865	33 
2866	64 
2867	61 
2868	45 
2869	10 
2870	130 
2871	145 
2872	136 
2873	115 
2874	152 
2875	92 
2876	61 
2877	138 
2878	31 
2879	22 
2880	147 
2881	89 
2882	88 
2883	98 
2884	64 
2885	151 
2886	71 
2887	154 
2888	116 
2889	104 
2890	96 
2891	19 
2892	112 
2893	102 
2894	117 
2895	105 
2896	118 
2897	118 
2898	30 
2899	80 
2900	120 
2901	45 
2902	104 
2903	14 
2904	60 
2905	65 
2906	32 
2907	55 
2908	112 
2909	69 
2910	121 
2911	106 
2912	129 
2913	50 
2914	149 
2915	29 
2916	15 
2917	102 
2918	51 
2919	71 
2920	55 
2921	45 
2922	150 
2923	126 
2924	22 
2925	45 
2926	72 
2927	123 
2928	46 
2929	61 
2930	87 
2931	85 
2932	134 
2933	49 
2934	50 
2935	80 
2936	121 
2937	74 
2938	116 
2939	124 
2940	52 
2941	18 
2942	85 
2943	34 
2944	87 
2945	107 
2946	97 
2947	30 
2948	108 
2949	19 
2950	51 
2951	83 
2952	31 
2953	123 
2954	93 
2955	94 
2956	28 
2957	142 
2958	77 
2959	45 
2960	138 
2961	34 
2962	138 
2963	106 
2964	83 
2965	36 
2966	146 
2967	9 
2968	155 
2969	129 
2970	56 
2971	155 
2972	103 
2973	48 
2974	53 
2975	69 
2976	121 
2977	124 
2978	8 
2979	3 
2980	11 
2981	73 
2982	121 
2983	32 
2984	142 
2985	94 
2986	7 
2987	88 
2988	123 
2989	115 
2990	111 
2991	149 
2992	113 
2993	110 
2994	56 
2995	155 
2996	38 
2997	128 
2998	40 
2999	25 
3000	5 
3001	64 
3002	79 
3003	112 
3004	15 
3005	93 
3006	85 
3007	57 
3008	65 
3009	140 
3010	125 
3011	125 
3012	72 
3013	84 
3014	81 
3015	140 
3016	125 
3017	74 
3018	80 
3019	10 
3020	1 
3021	105 
3022	12 
3023	35 
3024	117 
3025	70 
3026	24 
3027	49 
3028	65 
3029	138 
3030	81 
3031	146 
3032	80 
3033	98 
3034	55 
3035	87 
3036	140 
3037	105 
3038	82 
3039	22 
3040	93 
3041	50 
3042	64 
3043	19 
3044	118 
3045	100 
3046	43 
3047	19 
3048	135 
3049	95 
3050	60 
3051	95 
3052	64 
3053	19 
3054	27 
3055	109 
3056	20 
3057	44 
3058	44 
3059	118 
3060	115 
3061	95 
3062	118 
3063	82 
3064	36 
3065	151 
3066	24 
3067	38 
3068	45 
3069	126 
3070	27 
3071	118 
3072	120 
3073	35 
3074	119 
3075	126 
3076	50 
3077	136 
3078	79 
3079	47 
3080	60 
3081	46 
3082	109 
3083	37 
3084	60 
3085	5 
3086	46 
3087	52 
3088	120 
3089	132 
3090	82 
3091	9 
3092	121 
3093	79 
3094	58 
3095	107 
3096	30 
3097	132 
3098	155 
3099	17 
3100	52 
3101	61 
3102	147 
3103	145 
3104	73 
3105	107 
3106	121 
3107	11 
3108	136 
3109	127 
3110	34 
3111	121 
3112	134 
3113	41 
3114	67 
3115	51 
3116	21 
3117	89 
3118	143 
3119	126 
3120	76 
3121	86 
3122	2 
3123	38 
3124	111 
3125	99 
3126	106 
3127	5 
3128	69 
3129	49 
3130	94 
3131	27 
3132	137 
3133	146 
3134	5 
3135	93 
3136	22 
3137	110 
3138	148 
3139	68 
3140	106 
3141	24 
3142	43 
3143	49 
3144	2 
3145	151 
3146	94 
3147	57 
3148	102 
3149	61 
3150	50 
3151	62 
3152	125 
3153	56 
3154	137 
3155	99 
3156	147 
3157	103 
3158	1 
3159	7 
3160	39 
3161	121 
3162	106 
3163	56 
3164	100 
3165	128 
3166	139 
3167	82 
3168	77 
3169	112 
3170	31 
3171	155 
3172	33 
3173	61 
3174	75 
3175	123 
3176	154 
3177	10 
3178	12 
3179	61 
3180	131 
3181	86 
3182	47 
3183	98 
3184	155 
3185	137 
3186	50 
3187	51 
3188	71 
3189	7 
3190	144 
3191	98 
3192	24 
3193	49 
3194	43 
3195	110 
3196	123 
3197	82 
3198	20 
3199	63 
3200	101 
3201	89 
3202	65 
3203	6 
3204	143 
3205	107 
3206	105 
3207	16 
3208	145 
3209	10 
3210	32 
3211	137 
3212	15 
3213	1 
3214	128 
3215	153 
3216	81 
3217	32 
3218	118 
3219	17 
3220	35 
3221	118 
3222	41 
3223	24 
3224	56 
3225	31 
3226	112 
3227	112 
3228	141 
3229	81 
3230	58 
3231	37 
3232	42 
3233	150 
3234	75 
3235	39 
3236	137 
3237	142 
3238	35 
3239	51 
3240	115 
3241	110 
3242	34 
3243	135 
3244	23 
3245	66 
3246	122 
3247	21 
3248	69 
3249	143 
3250	136 
3251	101 
3252	10 
3253	149 
3254	143 
3255	45 
3256	85 
3257	126 
3258	88 
3259	2 
3260	34 
3261	29 
3262	5 
3263	69 
3264	43 
3265	102 
3266	113 
3267	14 
3268	38 
3269	147 
3270	3 
3271	47 
3272	90 
3273	107 
3274	2 
3275	103 
3276	4 
3277	136 
3278	44 
3279	56 
3280	104 
3281	137 
3282	82 
3283	106 
3284	121 
3285	8 
3286	126 
3287	25 
3288	146 
3289	98 
3290	17 
3291	123 
3292	77 
3293	142 
3294	104 
3295	133 
3296	150 
3297	15 
3298	103 
3299	80 
3300	127 
3301	91 
3302	10 
3303	112 
3304	86 
3305	100 
3306	21 
3307	103 
3308	95 
3309	154 
3310	123 
3311	59 
3312	116 
3313	83 
3314	113 
3315	139 
3316	93 
3317	85 
3318	64 
3319	125 
3320	58 
3321	136 
3322	138 
3323	83 
3324	40 
3325	38 
3326	76 
3327	82 
3328	29 
3329	131 
3330	136 
3331	129 
3332	154 
3333	69 
3334	78 
3335	20 
3336	138 
3337	84 
3338	112 
3339	101 
3340	108 
3341	52 
3342	60 
3343	86 
3344	136 
3345	155 
3346	43 
3347	53 
3348	110 
3349	23 
3350	76 
3351	82 
3352	28 
3353	49 
3354	126 
3355	91 
3356	139 
3357	107 
3358	140 
3359	101 
3360	99 
3361	41 
3362	108 
3363	4 
3364	118 
3365	85 
3366	145 
3367	95 
3368	136 
3369	146 
3370	17 
3371	13 
3372	30 
3373	77 
3374	13 
3375	53 
3376	113 
3377	21 
3378	104 
3379	82 
3380	103 
3381	93 
3382	5 
3383	55 
3384	116 
3385	69 
3386	54 
3387	144 
3388	72 
3389	15 
3390	95 
3391	45 
3392	143 
3393	152 
3394	124 
3395	2 
3396	16 
3397	141 
3398	86 
3399	5 
3400	14 
3401	107 
3402	61 
3403	117 
3404	80 
3405	107 
3406	80 
3407	34 
3408	53 
3409	61 
3410	105 
3411	153 
3412	2 
3413	117 
3414	122 
3415	33 
3416	131 
3417	26 
3418	150 
3419	114 
3420	92 
3421	97 
3422	140 
3423	110 
3424	139 
3425	89 
3426	25 
3427	150 
3428	55 
3429	79 
3430	19 
3431	23 
3432	79 
3433	16 
3434	44 
3435	57 
3436	6 
3437	135 
3438	84 
3439	4 
3440	117 
3441	122 
3442	79 
3443	82 
3444	118 
3445	53 
3446	87 
3447	105 
3448	32 
3449	136 
3450	141 
3451	13 
3452	142 
3453	28 
3454	112 
3455	46 
3456	115 
3457	28 
3458	147 
3459	31 
3460	58 
3461	88 
3462	25 
3463	21 
3464	9 
3465	150 
3466	148 
3467	10 
3468	63 
3469	38 
3470	30 
3471	130 
3472	41 
3473	45 
3474	3 
3475	100 
3476	111 
3477	62 
3478	88 
3479	57 
3480	118 
3481	122 
3482	150 
3483	155 
3484	144 
3485	109 
3486	148 
3487	122 
3488	54 
3489	145 
3490	9 
3491	33 
3492	70 
3493	81 
3494	50 
3495	63 
3496	125 
3497	64 
3498	74 
3499	19 
3500	50 
3501	97 
3502	96 
3503	103 
3504	94 
3505	151 
3506	71 
3507	141 
3508	97 
3509	82 
3510	146 
3511	45 
3512	102 
3513	109 
3514	54 
3515	119 
3516	103 
3517	119 
3518	80 
3519	34 
3520	123 
3521	68 
3522	115 
3523	91 
3524	65 
3525	34 
3526	52 
3527	97 
3528	131 
3529	34 
3530	45 
3531	114 
3532	26 
3533	21 
3534	131 
3535	59 
3536	52 
3537	152 
3538	44 
3539	16 
3540	148 
3541	78 
3542	35 
3543	122 
3544	112 
3545	11 
3546	131 
3547	39 
3548	115 
3549	103 
3550	91 
3551	131 
3552	71 
3553	137 
3554	39 
3555	1 
3556	123 
3557	109 
3558	52 
3559	78 
3560	74 
3561	146 
3562	46 
3563	127 
3564	85 
3565	19 
3566	102 
3567	89 
3568	115 
3569	41 
3570	103 
3571	81 
3572	21 
3573	106 
3574	97 
3575	21 
3576	49 
3577	27 
3578	44 
3579	97 
3580	31 
3581	119 
3582	78 
3583	33 
3584	43 
3585	30 
3586	76 
3587	69 
3588	56 
3589	85 
3590	14 
3591	8 
3592	88 
3593	141 
3594	53 
3595	37 
3596	130 
3597	16 
3598	85 
3599	104 
3600	115 
3601	39 
3602	148 
3603	84 
3604	152 
3605	129 
3606	22 
3607	124 
3608	1 
3609	74 
3610	128 
3611	80 
3612	106 
3613	33 
3614	43 
3615	23 
3616	114 
3617	117 
3618	63 
3619	40 
3620	139 
3621	141 
3622	35 
3623	17 
3624	73 
3625	84 
3626	144 
3627	142 
3628	154 
3629	59 
3630	58 
3631	130 
3632	39 
3633	151 
3634	15 
3635	136 
3636	154 
3637	117 
3638	20 
3639	57 
3640	148 
3641	132 
3642	52 
3643	19 
3644	31 
3645	54 
3646	76 
3647	154 
3648	8 
3649	76 
3650	74 
3651	11 
3652	75 
3653	106 
3654	151 
3655	139 
3656	43 
3657	103 
3658	53 
3659	34 
3660	56 
3661	112 
3662	103 
3663	41 
3664	9 
3665	133 
3666	80 
3667	127 
3668	123 
3669	142 
3670	100 
3671	95 
3672	44 
3673	34 
3674	11 
3675	55 
3676	83 
3677	135 
3678	41 
3679	21 
3680	144 
3681	141 
3682	95 
3683	84 
3684	55 
3685	127 
3686	16 
3687	86 
3688	129 
3689	148 
3690	7 
3691	7 
3692	139 
3693	61 
3694	139 
3695	32 
3696	21 
3697	117 
3698	121 
3699	18 
3700	31 
3701	79 
3702	24 
3703	124 
3704	83 
3705	87 
3706	22 
3707	29 
3708	16 
3709	98 
3710	96 
3711	57 
3712	28 
3713	92 
3714	123 
3715	107 
3716	90 
3717	101 
3718	139 
3719	144 
3720	127 
3721	133 
3722	154 
3723	101 
3724	18 
3725	69 
3726	142 
3727	125 
3728	38 
3729	115 
3730	40 
3731	88 
3732	40 
3733	105 
3734	33 
3735	128 
3736	73 
3737	119 
3738	142 
3739	20 
3740	25 
3741	97 
3742	50 
3743	4 
3744	92 
3745	3 
3746	24 
3747	66 
3748	155 
3749	142 
3750	12 
3751	133 
3752	18 
3753	17 
3754	18 
3755	135 
3756	83 
3757	7 
3758	44 
3759	42 
3760	52 
3761	69 
3762	41 
3763	155 
3764	7 
3765	93 
3766	49 
3767	134 
3768	49 
3769	55 
3770	87 
3771	65 
3772	26 
3773	25 
3774	148 
3775	84 
3776	89 
3777	42 
3778	19 
3779	53 
3780	45 
3781	41 
3782	41 
3783	152 
3784	14 
3785	14 
3786	7 
3787	120 
3788	19 
3789	48 
3790	81 
3791	134 
3792	128 
3793	92 
3794	101 
3795	114 
3796	125 
3797	15 
3798	41 
3799	41 
3800	28 
3801	121 
3802	54 
3803	128 
3804	150 
3805	130 
3806	150 
3807	45 
3808	70 
3809	14 
3810	14 
3811	26 
3812	112 
3813	137 
3814	55 
3815	131 
3816	150 
3817	14 
3818	93 
3819	15 
3820	149 
3821	142 
3822	14 
3823	136 
3824	117 
3825	80 
3826	132 
3827	149 
3828	154 
3829	67 
3830	111 
3831	112 
3832	50 
3833	146 
3834	115 
3835	41 
3836	3 
3837	10 
3838	41 
3839	67 
3840	76 
3841	148 
3842	117 
3843	78 
3844	43 
3845	107 
3846	50 
3847	134 
3848	129 
3849	115 
3850	15 
3851	76 
3852	44 
3853	29 
3854	13 
3855	22 
3856	16 
3857	16 
3858	143 
3859	83 
3860	54 
3861	140 
3862	135 
3863	137 
3864	110 
3865	56 
3866	29 
3867	76 
3868	115 
3869	69 
3870	137 
3871	113 
3872	105 
3873	116 
3874	22 
3875	21 
3876	70 
3877	130 
3878	14 
3879	123 
3880	147 
3881	32 
3882	129 
3883	88 
3884	37 
3885	148 
3886	14 
3887	68 
3888	37 
3889	95 
3890	42 
3891	113 
3892	136 
3893	116 
3894	142 
3895	38 
3896	120 
3897	5 
3898	119 
3899	19 
3900	102 
3901	100 
3902	37 
3903	99 
3904	6 
3905	43 
3906	128 
3907	35 
3908	124 
3909	104 
3910	96 
3911	112 
3912	12 
3913	29 
3914	35 
3915	44 
3916	50 
3917	55 
3918	131 
3919	82 
3920	90 
3921	81 
3922	26 
3923	28 
3924	19 
3925	84 
3926	150 
3927	28 
3928	153 
3929	74 
3930	58 
3931	83 
3932	71 
3933	150 
3934	79 
3935	3 
3936	146 
3937	28 
3938	118 
3939	84 
3940	110 
3941	63 
3942	30 
3943	155 
3944	139 
3945	139 
3946	121 
3947	130 
3948	71 
3949	27 
3950	12 
3951	95 
3952	28 
3953	141 
3954	63 
3955	135 
3956	135 
3957	122 
3958	41 
3959	67 
3960	53 
3961	34 
3962	124 
3963	45 
3964	113 
3965	92 
3966	56 
3967	130 
3968	104 
3969	38 
3970	125 
3971	107 
3972	92 
3973	120 
3974	116 
3975	58 
3976	129 
3977	108 
3978	138 
3979	72 
3980	108 
3981	152 
3982	53 
3983	56 
3984	122 
3985	55 
3986	45 
3987	45 
3988	7 
3989	92 
3990	51 
3991	63 
3992	88 
3993	69 
3994	45 
3995	88 
3996	146 
3997	84 
3998	154 
3999	136 
4000	31 
4001	100 
4002	6 
4003	44 
4004	70 
4005	75 
4006	13 
4007	96 
4008	139 
4009	93 
4010	14 
4011	17 
4012	7 
4013	16 
4014	121 
4015	111 
4016	141 
4017	49 
4018	44 
4019	18 
4020	144 
4021	75 
4022	19 
4023	63 
4024	141 
4025	4 
4026	51 
4027	101 
4028	121 
4029	5 
4030	19 
4031	51 
4032	123 
4033	64 
4034	119 
4035	30 
4036	72 
4037	118 
4038	82 
4039	60 
4040	141 
4041	28 
4042	72 
4043	100 
4044	55 
4045	15 
4046	123 
4047	34 
4048	21 
4049	145 
4050	4 
4051	55 
4052	42 
4053	17 
4054	105 
4055	149 
4056	71 
4057	53 
4058	110 
4059	30 
4060	24 
4061	55 
4062	119 
4063	32 
4064	84 
4065	46 
4066	131 
4067	71 
4068	153 
4069	69 
4070	117 
4071	59 
4072	49 
4073	70 
4074	130 
4075	146 
4076	94 
4077	44 
4078	6 
4079	4 
4080	120 
4081	41 
4082	154 
4083	56 
4084	39 
4085	142 
4086	31 
4087	126 
4088	9 
4089	70 
4090	88 
4091	139 
4092	121 
4093	61 
4094	4 
4095	137 
4096	89 
4097	118 
4098	54 
4099	71 
4100	11 
4101	89 
4102	61 
4103	114 
4104	142 
4105	87 
4106	50 
4107	123 
4108	52 
4109	66 
4110	152 
4111	78 
4112	135 
4113	112 
4114	83 
4115	14 
4116	94 
4117	118 
4118	27 
4119	4 
4120	30 
4121	3 
4122	90 
4123	19 
4124	115 
4125	73 
4126	38 
4127	21 
4128	23 
4129	123 
4130	105 
4131	123 
4132	80 
4133	17 
4134	88 
4135	60 
4136	102 
4137	100 
4138	17 
4139	120 
4140	64 
4141	10 
4142	72 
4143	12 
4144	124 
4145	91 
4146	6 
4147	151 
4148	6 
4149	14 
4150	139 
4151	71 
4152	134 
4153	30 
4154	149 
4155	85 
4156	41 
4157	54 
4158	122 
4159	121 
4160	30 
4161	18 
4162	42 
4163	148 
4164	108 
4165	91 
4166	11 
4167	3 
4168	137 
4169	84 
4170	56 
4171	24 
4172	52 
4173	126 
4174	88 
4175	76 
4176	19 
4177	38 
4178	110 
4179	99 
4180	138 
4181	97 
4182	134 
4183	102 
4184	63 
4185	29 
4186	134 
4187	112 
4188	140 
4189	104 
4190	146 
4191	122 
4192	128 
4193	30 
4194	147 
4195	118 
4196	90 
4197	20 
4198	132 
4199	92 
4200	20 
4201	85 
4202	82 
4203	122 
4204	2 
4205	46 
4206	84 
4207	56 
4208	30 
4209	125 
4210	55 
4211	112 
4212	26 
4213	11 
4214	114 
4215	85 
4216	72 
4217	127 
4218	52 
4219	137 
4220	153 
4221	30 
4222	70 
4223	110 
4224	96 
4225	40 
4226	123 
4227	35 
4228	56 
4229	5 
4230	84 
4231	139 
4232	144 
4233	115 
4234	38 
4235	123 
4236	102 
4237	65 
4238	141 
4239	126 
4240	59 
4241	129 
4242	87 
4243	108 
4244	143 
4245	3 
4246	123 
4247	21 
4248	51 
4249	108 
4250	17 
4251	31 
4252	55 
4253	150 
4254	19 
4255	41 
4256	141 
4257	88 
4258	109 
4259	128 
4260	59 
4261	74 
4262	109 
4263	152 
4264	111 
4265	80 
4266	58 
4267	137 
4268	138 
4269	64 
4270	53 
4271	23 
4272	63 
4273	29 
4274	91 
4275	45 
4276	25 
4277	73 
4278	92 
4279	155 
4280	78 
4281	16 
4282	45 
4283	36 
4284	154 
4285	23 
4286	82 
4287	93 
4288	36 
4289	49 
4290	63 
4291	21 
4292	139 
4293	147 
4294	124 
4295	59 
4296	72 
4297	99 
4298	150 
4299	136 
4300	99 
4301	105 
4302	45 
4303	152 
4304	112 
4305	61 
4306	67 
4307	31 
4308	141 
4309	33 
4310	41 
4311	98 
4312	129 
4313	25 
4314	89 
4315	136 
4316	121 
4317	125 
4318	112 
4319	15 
4320	106 
4321	23 
4322	64 
4323	15 
4324	56 
4325	62 
4326	125 
4327	11 
4328	45 
4329	101 
4330	126 
4331	131 
4332	125 
4333	77 
4334	119 
4335	17 
4336	58 
4337	9 
4338	121 
4339	46 
4340	15 
4341	130 
4342	75 
4343	110 
4344	32 
4345	28 
4346	73 
4347	27 
4348	106 
4349	73 
4350	9 
4351	39 
4352	27 
4353	13 
4354	79 
4355	21 
4356	12 
4357	36 
4358	61 
4359	2 
4360	151 
4361	56 
4362	28 
4363	14 
4364	110 
4365	44 
4366	46 
4367	31 
4368	105 
4369	136 
4370	7 
4371	146 
4372	66 
4373	44 
4374	92 
4375	152 
4376	84 
4377	63 
4378	143 
4379	144 
4380	149 
4381	144 
4382	63 
4383	8 
4384	71 
4385	59 
4386	16 
4387	33 
4388	93 
4389	53 
4390	50 
4391	27 
4392	112 
4393	113 
4394	107 
4395	80 
4396	60 
4397	102 
4398	69 
4399	126 
4400	79 
4401	22 
4402	113 
4403	65 
4404	26 
4405	92 
4406	47 
4407	60 
4408	55 
4409	90 
4410	89 
4411	132 
4412	2 
4413	61 
4414	68 
4415	131 
4416	15 
4417	14 
4418	127 
4419	27 
4420	31 
4421	115 
4422	128 
4423	3 
4424	98 
4425	21 
4426	60 
4427	80 
4428	117 
4429	113 
4430	61 
4431	69 
4432	153 
4433	51 
4434	112 
4435	141 
4436	43 
4437	55 
4438	98 
4439	33 
4440	83 
4441	66 
4442	139 
4443	56 
4444	12 
4445	122 
4446	145 
4447	72 
4448	115 
4449	135 
4450	49 
4451	35 
4452	49 
4453	64 
4454	49 
4455	4 
4456	136 
4457	9 
4458	137 
4459	122 
4460	96 
4461	121 
4462	140 
4463	125 
4464	36 
4465	129 
4466	85 
4467	112 
4468	107 
4469	30 
4470	136 
4471	122 
4472	129 
4473	55 
4474	131 
4475	88 
4476	51 
4477	54 
4478	79 
4479	76 
4480	22 
4481	136 
4482	140 
4483	47 
4484	65 
4485	8 
4486	45 
4487	65 
4488	21 
4489	125 
4490	88 
4491	115 
4492	79 
4493	5 
4494	75 
4495	59 
4496	33 
4497	15 
4498	36 
4499	122 
4500	37 
4501	149 
4502	34 
4503	9 
4504	30 
4505	137 
4506	89 
4507	124 
4508	142 
4509	66 
4510	113 
4511	55 
4512	112 
4513	41 
4514	26 
4515	106 
4516	137 
4517	75 
4518	75 
4519	115 
4520	119 
4521	86 
4522	38 
4523	28 
4524	94 
4525	151 
4526	60 
4527	59 
4528	33 
4529	89 
4530	62 
4531	7 
4532	84 
4533	82 
4534	85 
4535	155 
4536	51 
4537	47 
4538	44 
4539	82 
4540	91 
4541	76 
4542	143 
4543	49 
4544	131 
4545	140 
4546	20 
4547	65 
4548	110 
4549	121 
4550	80 
4551	4 
4552	61 
4553	68 
4554	140 
4555	132 
4556	66 
4557	43 
4558	11 
4559	138 
4560	56 
4561	39 
4562	50 
4563	152 
4564	9 
4565	107 
4566	154 
4567	77 
4568	76 
4569	115 
4570	57 
4571	15 
4572	45 
4573	121 
4574	151 
4575	32 
4576	79 
4577	18 
4578	30 
4579	126 
4580	137 
4581	129 
4582	146 
4583	71 
4584	55 
4585	110 
4586	131 
4587	127 
4588	21 
4589	34 
4590	57 
4591	97 
4592	113 
4593	53 
4594	122 
4595	7 
4596	90 
4597	45 
4598	46 
4599	88 
4600	16 
4601	78 
4602	67 
4603	149 
4604	148 
4605	56 
4606	34 
4607	15 
4608	80 
4609	79 
4610	106 
4611	118 
4612	149 
4613	104 
4614	85 
4615	18 
4616	86 
4617	4 
4618	127 
4619	30 
4620	154 
4621	117 
4622	102 
4623	107 
4624	88 
4625	58 
4626	56 
4627	41 
4628	148 
4629	64 
4630	66 
4631	65 
4632	107 
4633	66 
4634	102 
4635	19 
4636	47 
4637	16 
4638	132 
4639	81 
4640	67 
4641	116 
4642	43 
4643	116 
4644	31 
4645	133 
4646	17 
4647	142 
4648	8 
4649	8 
4650	151 
4651	56 
4652	46 
4653	59 
4654	112 
4655	151 
4656	5 
4657	154 
4658	114 
4659	91 
4660	72 
4661	56 
4662	121 
4663	66 
4664	129 
4665	109 
4666	133 
4667	135 
4668	89 
4669	55 
4670	69 
4671	132 
4672	141 
4673	131 
4674	115 
4675	55 
4676	122 
4677	150 
4678	87 
4679	34 
4680	21 
4681	131 
4682	124 
4683	125 
4684	136 
4685	139 
4686	114 
4687	150 
4688	3 
4689	2 
4690	98 
4691	66 
4692	43 
4693	6 
4694	110 
4695	17 
4696	63 
4697	69 
4698	66 
4699	89 
4700	150 
4701	144 
4702	54 
4703	95 
4704	76 
4705	93 
4706	74 
4707	57 
4708	107 
4709	90 
4710	90 
4711	33 
4712	120 
4713	123 
4714	84 
4715	5 
4716	21 
4717	28 
4718	98 
4719	137 
4720	89 
4721	115 
4722	61 
4723	137 
4724	134 
4725	6 
4726	84 
4727	34 
4728	140 
4729	16 
4730	5 
4731	32 
4732	154 
4733	155 
4734	123 
4735	101 
4736	146 
4737	57 
4738	45 
4739	115 
4740	106 
4741	78 
4742	136 
4743	45 
4744	78 
4745	137 
4746	87 
4747	81 
4748	136 
4749	131 
4750	30 
4751	67 
4752	33 
4753	81 
4754	58 
4755	49 
4756	61 
4757	57 
4758	113 
4759	47 
4760	10 
4761	46 
4762	69 
4763	137 
4764	3 
4765	137 
4766	83 
4767	138 
4768	98 
4769	118 
4770	126 
4771	34 
4772	17 
4773	131 
4774	58 
4775	70 
4776	69 
4777	50 
4778	14 
4779	44 
4780	44 
4781	68 
4782	75 
4783	51 
4784	155 
4785	41 
4786	9 
4787	59 
4788	151 
4789	49 
4790	145 
4791	52 
4792	50 
4793	14 
4794	5 
4795	54 
4796	44 
4797	71 
4798	18 
4799	76 
4800	79 
4801	66 
4802	126 
4803	141 
4804	105 
4805	102 
4806	108 
4807	108 
4808	121 
4809	97 
4810	115 
4811	148 
4812	31 
4813	64 
4814	150 
4815	13 
4816	56 
4817	150 
4818	102 
4819	122 
4820	112 
4821	3 
4822	13 
4823	51 
4824	101 
4825	61 
4826	35 
4827	56 
4828	129 
4829	147 
4830	68 
4831	102 
4832	98 
4833	72 
4834	115 
4835	90 
4836	147 
4837	34 
4838	37 
4839	75 
4840	110 
4841	37 
4842	19 
4843	84 
4844	72 
4845	90 
4846	77 
4847	51 
4848	150 
4849	144 
4850	84 
4851	131 
4852	45 
4853	123 
4854	64 
4855	134 
4856	7 
4857	49 
4858	136 
4859	58 
4860	58 
4861	74 
4862	150 
4863	58 
4864	146 
4865	71 
4866	53 
4867	21 
4868	66 
4869	89 
4870	11 
4871	81 
4872	117 
4873	13 
4874	136 
4875	55 
4876	129 
4877	8 
4878	118 
4879	39 
4880	26 
4881	78 
4882	121 
4883	114 
4884	43 
4885	79 
4886	145 
4887	74 
4888	4 
4889	30 
4890	120 
4891	115 
4892	67 
4893	16 
4894	105 
4895	141 
4896	32 
4897	17 
4898	130 
4899	14 
4900	59 
4901	124 
4902	106 
4903	11 
4904	53 
4905	152 
4906	129 
4907	51 
4908	93 
4909	82 
4910	66 
4911	114 
4912	130 
4913	127 
4914	125 
4915	34 
4916	139 
4917	59 
4918	120 
4919	31 
4920	38 
4921	122 
4922	52 
4923	141 
4924	150 
4925	16 
4926	35 
4927	68 
4928	63 
4929	124 
4930	18 
4931	112 
4932	39 
4933	116 
4934	145 
4935	82 
4936	83 
4937	92 
4938	61 
4939	6 
4940	21 
4941	126 
4942	97 
4943	149 
4944	147 
4945	33 
4946	13 
4947	49 
4948	64 
4949	85 
4950	101 
4951	121 
4952	14 
4953	16 
4954	58 
4955	19 
4956	139 
4957	21 
4958	32 
4959	6 
4960	89 
4961	58 
4962	30 
4963	92 
4964	48 
4965	83 
4966	85 
4967	53 
4968	104 
4969	45 
4970	58 
4971	67 
4972	83 
4973	79 
4974	66 
4975	140 
4976	125 
4977	103 
4978	125 
4979	123 
4980	6 
4981	34 
4982	97 
4983	32 
4984	74 
4985	9 
4986	41 
4987	80 
4988	118 
4989	37 
4990	126 
4991	139 
4992	52 
4993	90 
4994	56 
4995	57 
4996	61 
4997	74 
4998	2 
4999	141 
5000	43 
