1	484
1	775
1	883
1	950
1	962
1	982
2	156
2	573
2	637
2	769
2	814
2	1000
3	321
3	798
3	848
3	896
3	913
3	952
4	42
4	177
4	184
4	348
4	782
4	965
5	56
5	132
5	539
5	673
5	895
5	978
6	38
6	210
6	393
6	438
6	783
6	934
7	263
7	316
7	595
7	644
7	865
7	987
8	141
8	288
8	433
8	702
8	900
8	946
9	205
9	425
9	566
9	659
9	663
9	703
10	602
10	732
10	768
10	842
10	922
10	964
11	576
11	593
11	804
11	827
11	939
11	977
12	159
12	334
12	502
12	602
12	812
12	979
13	161
13	458
13	697
13	733
13	793
13	967
14	23
14	533
14	721
14	764
14	961
14	984
15	117
15	498
15	639
15	736
15	789
15	818
16	310
16	340
16	628
16	781
16	791
16	819
17	204
17	583
17	624
17	733
17	764
17	904
18	132
18	509
18	728
18	758
18	898
18	927
19	327
19	630
19	776
19	855
19	934
19	983
20	264
20	710
20	773
20	776
20	927
20	986
21	283
21	440
21	515
21	848
21	972
21	997
22	63
22	211
22	220
22	584
22	609
22	658
23	14
23	74
23	424
23	759
23	867
23	997
24	136
24	535
24	652
24	758
24	880
24	955
25	68
25	96
25	275
25	714
25	862
25	899
26	235
26	565
26	572
26	681
26	739
26	880
27	367
27	673
27	689
27	690
27	777
27	966
28	528
28	600
28	786
28	838
28	860
28	901
29	193
29	567
29	806
29	827
29	977
29	991
30	44
30	90
30	291
30	855
30	874
30	939
31	33
31	365
31	438
31	844
31	951
31	978
32	449
32	658
32	688
32	725
32	760
32	790
33	31
33	221
33	393
33	709
33	715
33	777
34	95
34	301
34	761
34	913
34	963
34	998
35	402
35	523
35	586
35	713
35	917
35	941
36	361
36	461
36	530
36	589
36	590
36	931
37	193
37	394
37	663
37	773
37	890
37	894
38	6
38	94
38	333
38	514
38	722
38	789
39	433
39	532
39	651
39	701
39	741
39	893
40	41
40	160
40	216
40	299
40	849
40	976
41	40
41	216
41	505
41	947
41	954
41	958
42	4
42	701
42	729
42	782
42	892
42	983
43	60
43	396
43	591
43	685
43	912
43	914
44	30
44	480
44	494
44	811
44	827
44	977
45	339
45	462
45	633
45	866
45	915
45	973
46	252
46	467
46	894
46	897
46	903
46	961
47	364
47	638
47	682
47	713
47	797
47	908
48	255
48	398
48	426
48	844
48	951
48	966
49	597
49	635
49	694
49	722
49	736
49	993
50	419
50	572
50	731
50	798
50	877
50	952
51	125
51	838
51	866
51	927
51	961
51	986
52	243
52	519
52	769
52	808
52	937
52	964
53	54
53	116
53	301
53	728
53	740
53	969
54	53
54	392
54	527
54	660
54	892
54	965
55	320
55	394
55	554
55	651
55	667
55	927
56	5
56	387
56	783
56	849
56	866
56	966
57	270
57	342
57	537
57	561
57	839
57	988
58	489
58	513
58	796
58	831
58	902
58	938
59	159
59	371
59	717
59	767
59	823
59	965
60	43
60	341
60	506
60	559
60	660
60	992
61	338
61	623
61	828
61	885
61	917
61	968
62	280
62	564
62	700
62	917
62	931
62	995
63	22
63	532
63	552
63	569
63	689
63	860
64	618
64	795
64	895
64	904
64	942
64	967
65	370
65	611
65	617
65	740
65	927
65	983
66	121
66	161
66	263
66	762
66	865
66	916
67	564
67	651
67	802
67	830
67	891
67	979
68	25
68	681
68	698
68	739
68	880
68	955
69	85
69	240
69	282
69	912
69	914
69	933
70	331
70	346
70	591
70	685
70	933
70	934
71	98
71	364
71	716
71	815
71	916
71	971
72	122
72	198
72	481
72	640
72	691
72	948
73	218
73	548
73	549
73	731
73	747
73	938
74	23
74	99
74	197
74	424
74	533
74	889
75	224
75	428
75	672
75	876
75	949
75	977
76	219
76	395
76	679
76	837
76	994
76	1000
77	130
77	326
77	542
77	660
77	704
77	864
78	182
78	328
78	733
78	786
78	901
78	995
79	214
79	327
79	340
79	665
79	960
79	964
80	340
80	411
80	653
80	754
80	812
80	979
81	131
81	199
81	275
81	522
81	735
81	931
82	212
82	432
82	778
82	895
82	940
82	989
83	143
83	194
83	451
83	794
83	817
83	913
84	340
84	461
84	537
84	615
84	665
84	723
85	69
85	782
85	808
85	813
85	937
85	970
86	148
86	181
86	521
86	553
86	732
86	740
87	409
87	670
87	732
87	808
87	875
87	884
88	264
88	272
88	640
88	923
88	927
88	965
89	182
89	546
89	548
89	720
89	800
89	820
90	30
90	531
90	643
90	781
90	806
90	939
91	307
91	434
91	436
91	541
91	580
91	925
92	622
92	813
92	964
92	970
92	989
92	996
93	106
93	309
93	400
93	448
93	845
93	897
94	38
94	453
94	498
94	514
94	694
94	917
95	34
95	572
95	809
95	877
95	900
95	930
96	25
96	238
96	874
96	918
96	943
96	971
97	558
97	648
97	651
97	770
97	942
97	953
98	71
98	278
98	495
98	589
98	819
98	857
99	74
99	225
99	515
99	756
99	840
99	885
100	235
100	681
100	743
100	773
100	898
100	991
101	512
101	544
101	815
101	863
101	899
101	902
102	107
102	210
102	673
102	854
102	863
102	890
103	484
103	559
103	563
103	606
103	649
103	966
104	323
104	443
104	529
104	585
104	588
104	794
105	229
105	340
105	534
105	575
105	735
105	960
106	93
106	151
106	508
106	520
106	766
106	871
107	102
107	108
107	123
107	175
107	965
107	969
108	107
108	330
108	392
108	435
108	684
108	782
109	176
109	247
109	649
109	652
109	913
109	958
110	361
110	477
110	574
110	747
110	840
110	938
111	258
111	452
111	592
111	774
111	824
111	845
112	154
112	594
112	819
112	868
112	931
112	953
113	317
113	383
113	460
113	693
113	696
113	934
114	346
114	480
114	700
114	881
114	923
114	936
115	277
115	282
115	342
115	778
115	941
115	975
116	53
116	279
116	345
116	442
116	504
116	728
117	15
117	600
117	788
117	918
117	959
117	985
118	147
118	338
118	508
118	535
118	692
118	916
119	648
119	675
119	700
119	891
119	922
119	968
120	360
120	424
120	593
120	667
120	752
120	873
121	66
121	470
121	539
121	633
121	652
121	843
122	72
122	281
122	642
122	774
122	783
122	869
123	107
123	403
123	917
123	939
123	977
123	991
124	221
124	227
124	286
124	307
124	551
124	695
125	51
125	185
125	666
125	877
125	961
125	986
126	464
126	684
126	752
126	819
126	832
126	857
127	159
127	498
127	661
127	789
127	793
127	993
128	283
128	680
128	700
128	841
128	911
128	976
129	389
129	454
129	616
129	781
129	939
129	991
130	77
130	254
130	859
130	919
130	959
130	998
131	81
131	261
131	599
131	833
131	944
131	954
132	5
132	18
132	337
132	905
132	943
132	955
133	360
133	667
133	683
133	927
133	961
133	986
134	615
134	656
134	727
134	736
134	737
134	763
135	363
135	490
135	613
135	765
135	861
135	888
136	24
136	511
136	758
136	840
136	880
136	898
137	358
137	361
137	451
137	819
137	868
137	957
138	236
138	324
138	420
138	817
138	929
138	930
139	422
139	614
139	714
139	800
139	943
139	985
140	593
140	606
140	684
140	956
140	989
140	999
141	8
141	474
141	479
141	771
141	900
141	990
142	353
142	591
142	720
142	887
142	907
142	943
143	83
143	608
143	742
143	855
143	858
143	920
144	488
144	514
144	629
144	661
144	701
144	993
145	150
145	332
145	482
145	672
145	874
145	900
146	529
146	530
146	705
146	935
146	983
146	989
147	118
147	465
147	586
147	607
147	743
147	998
148	86
148	576
148	603
148	695
148	697
148	860
149	588
149	670
149	680
149	723
149	875
149	996
150	145
150	347
150	465
150	683
150	771
150	990
151	106
151	395
151	583
151	695
151	697
151	793
152	362
152	513
152	701
152	729
152	851
152	892
153	373
153	427
153	644
153	918
153	945
153	956
154	112
154	214
154	268
154	465
154	791
154	931
155	645
155	685
155	912
155	914
155	934
155	938
156	2
156	581
156	777
156	854
156	966
156	978
157	218
157	357
157	472
157	526
157	715
157	886
158	534
158	690
158	712
158	776
158	832
158	931
159	12
159	59
159	127
159	483
159	776
159	823
160	40
160	243
160	699
160	915
160	969
160	973
161	13
161	66
161	395
161	570
161	695
161	946
162	172
162	573
162	636
162	909
162	932
162	994
163	521
163	592
163	670
163	746
163	808
163	973
164	284
164	405
164	715
164	759
164	772
164	928
165	670
165	739
165	951
165	964
165	970
165	996
166	481
166	626
166	855
166	861
166	948
166	988
167	322
167	360
167	515
167	757
167	832
167	885
168	203
168	409
168	414
168	596
168	616
168	829
169	396
169	503
169	738
169	796
169	897
169	902
170	189
170	190
170	482
170	620
170	856
170	946
171	179
171	188
171	278
171	308
171	683
171	711
172	162
172	351
172	536
172	631
172	851
172	969
173	209
173	264
173	584
173	654
173	720
173	903
174	309
174	499
174	624
174	637
174	725
174	928
175	107
175	605
175	892
175	923
175	942
175	965
176	109
176	460
176	484
176	652
176	849
176	957
177	4
177	443
177	598
177	776
177	855
177	995
178	248
178	540
178	543
178	740
178	802
178	852
179	171
179	188
179	190
179	654
179	702
179	771
180	437
180	545
180	765
180	807
180	859
180	863
181	86
181	507
181	687
181	732
181	781
181	977
182	78
182	89
182	577
182	838
182	913
182	995
183	266
183	571
183	721
183	785
183	894
183	919
184	4
184	293
184	705
184	711
184	728
184	965
185	125
185	305
185	663
185	853
185	927
185	963
186	256
186	374
186	592
186	788
186	959
186	985
187	196
187	226
187	368
187	554
187	640
187	833
188	171
188	179
188	632
188	795
188	853
188	946
189	170
189	288
189	390
189	496
189	603
189	627
190	170
190	179
190	677
190	702
190	733
190	872
191	363
191	541
191	584
191	744
191	750
191	835
192	666
192	740
192	771
192	958
192	981
192	983
193	29
193	37
193	527
193	772
193	867
193	961
194	83
194	231
194	460
194	692
194	844
194	896
195	297
195	600
195	834
195	860
195	901
195	964
196	187
196	653
196	699
196	773
196	790
196	961
197	74
197	638
197	788
197	859
197	866
197	888
198	72
198	278
198	332
198	900
198	915
198	990
199	81
199	248
199	457
199	781
199	806
199	876
200	369
200	382
200	533
200	756
200	779
200	972
201	458
201	480
201	516
201	878
201	881
201	917
202	373
202	556
202	706
202	783
202	803
202	901
203	168
203	264
203	634
203	772
203	803
203	986
204	17
204	268
204	320
204	381
204	729
204	836
205	9
205	479
205	637
205	676
205	704
205	866
206	369
206	400
206	505
206	603
206	759
206	889
206	938
207	313
207	410
207	461
207	522
207	690
207	737
207	971
208	388
208	506
208	541
208	749
208	812
208	887
208	903
209	173
209	211
209	468
209	720
209	893
209	963
209	990
210	6
210	102
210	360
210	581
210	622
210	689
210	811
211	22
211	209
211	311
211	313
211	584
211	780
211	893
212	82
212	596
212	696
212	834
212	940
212	956
212	999
213	609
213	644
213	758
213	861
213	862
213	874
213	959
214	79
214	154
214	669
214	766
214	819
214	858
214	957
215	490
215	541
215	578
215	708
215	741
215	782
215	893
216	40
216	41
216	422
216	542
216	567
216	833
216	947
217	386
217	434
217	580
217	726
217	765
217	911
217	958
218	73
218	157
218	230
218	738
218	799
218	829
218	902
219	76
219	362
219	444
219	796
219	801
219	926
219	980
220	22
220	431
220	543
220	708
220	800
220	826
220	903
221	33
221	124
221	671
221	680
221	954
221	958
221	968
222	254
222	444
222	761
222	822
222	980
222	994
222	1000
223	275
223	496
223	896
223	929
223	930
223	942
223	978
224	75
224	436
224	502
224	511
224	528
224	731
224	794
225	99
225	362
225	822
225	859
225	909
225	967
225	994
226	187
226	326
226	382
226	756
226	795
226	840
226	972
227	124
227	251
227	298
227	579
227	586
227	655
227	865
228	488
228	617
228	720
228	883
228	969
228	981
228	982
229	105
229	273
229	388
229	801
229	822
229	967
229	1000
230	218
230	574
230	673
230	747
230	865
230	902
230	938
231	194
231	303
231	456
231	817
231	884
231	948
231	952
232	266
232	412
232	774
232	811
232	919
232	996
232	998
233	284
233	343
233	397
233	585
233	599
233	778
233	845
234	330
234	413
234	421
234	701
234	870
234	904
234	969
235	26
235	100
235	429
235	644
235	898
235	921
235	970
236	138
236	279
236	354
236	381
236	686
236	726
236	896
237	258
237	343
237	768
237	871
237	920
237	969
237	983
238	96
238	356
238	539
238	777
238	843
238	849
238	966
239	333
239	376
239	514
239	538
239	597
239	818
239	993
240	69
240	591
240	618
240	696
240	748
240	816
240	933
241	458
241	632
241	683
241	695
241	714
241	929
241	990
242	295
242	609
242	680
242	719
242	805
242	856
242	926
243	52
243	160
243	671
243	748
243	869
243	915
243	976
244	430
244	767
244	780
244	783
244	897
244	953
244	981
245	418
245	465
245	572
245	905
245	921
245	944
245	955
246	288
246	417
246	529
246	530
246	535
246	755
246	982
247	109
247	315
247	555
247	608
247	633
247	961
247	978
248	178
248	199
248	454
248	457
248	469
248	811
248	977
249	339
249	551
249	555
249	821
249	925
249	944
249	954
250	303
250	343
250	430
250	609
250	926
250	942
250	993
251	227
251	334
251	430
251	647
251	655
251	757
251	865
252	46
252	721
252	773
252	779
252	786
252	790
252	894
253	352
253	419
253	423
253	715
253	768
253	883
253	920
254	130
254	222
254	341
254	412
254	531
254	841
254	998
255	48
255	471
255	516
255	594
255	691
255	854
255	951
256	186
256	437
256	620
256	682
256	726
256	906
256	908
257	290
257	537
257	625
257	782
257	870
257	892
257	965
258	111
258	237
258	494
258	499
258	503
258	596
258	929
259	550
259	621
259	654
259	800
259	820
259	924
259	935
260	626
260	691
260	796
260	821
260	867
260	948
260	962
261	131
261	588
261	617
261	650
261	881
261	883
261	950
262	530
262	540
262	755
262	794
262	858
262	912
262	981
263	7
263	66
263	274
263	351
263	380
263	579
263	916
264	20
264	88
264	173
264	203
264	707
264	790
264	908
265	441
265	449
265	549
265	760
265	768
265	900
265	920
266	183
266	232
266	366
266	542
266	895
266	919
266	955
267	471
267	699
267	712
267	748
267	925
267	963
267	976
268	154
268	204
268	298
268	614
268	910
268	969
268	985
269	372
269	645
269	836
269	862
269	874
269	910
269	925
270	57
270	316
270	492
270	730
270	816
270	830
270	987
271	367
271	685
271	691
271	693
271	816
271	912
271	914
272	88
272	532
272	533
272	550
272	610
272	622
272	639
273	229
273	751
273	837
273	980
273	982
273	994
273	1000
274	263
274	327
274	410
274	420
274	786
274	865
274	995
275	25
275	81
275	223
275	305
275	690
275	857
275	960
276	624
276	833
276	911
276	944
276	947
276	973
276	999
277	115
277	390
277	596
277	888
277	935
277	940
277	975
278	98
278	171
278	198
278	603
278	833
278	946
278	990
279	116
279	236
279	407
279	489
279	856
279	904
279	953
280	62
280	294
280	513
280	623
280	678
280	706
280	750
281	122
281	348
281	562
281	786
281	900
281	937
281	988
282	69
282	115
282	367
282	384
282	696
282	816
282	934
283	21
283	128
283	422
283	462
283	699
283	748
283	930
284	164
284	233
284	639
284	824
284	839
284	920
284	936
285	291
285	618
285	781
285	806
285	811
285	985
285	991
286	124
286	462
286	640
286	829
286	925
286	954
286	973
287	408
287	418
287	425
287	426
287	544
287	560
287	921
288	8
288	189
288	246
288	479
288	482
288	918
288	976
289	431
289	601
289	697
289	731
289	753
289	949
289	979
290	257
290	442
290	536
290	645
290	850
290	901
290	965
291	30
291	285
291	454
291	881
291	939
291	988
291	991
292	375
292	470
292	692
292	899
292	913
292	929
292	975
293	184
293	413
293	754
293	876
293	906
293	949
293	979
294	280
294	611
294	634
294	803
294	809
294	891
294	968
295	242
295	314
295	378
295	675
295	745
295	835
295	867
296	586
296	633
296	646
296	647
296	901
296	974
296	987
297	195
297	337
297	598
297	628
297	858
297	860
297	932
298	227
298	268
298	512
298	592
298	893
298	945
298	971
299	40
299	473
299	545
299	625
299	866
299	906
299	958
300	322
300	396
300	497
300	548
300	620
300	787
300	799
301	34
301	53
301	686
301	756
301	848
301	884
301	952
302	345
302	569
302	657
302	711
302	717
302	728
302	870
303	231
303	250
303	489
303	507
303	805
303	895
303	926
304	319
304	587
304	646
304	798
304	810
304	863
304	974
305	185
305	275
305	416
305	507
305	589
305	672
305	960
306	329
306	493
306	557
306	594
306	834
306	841
306	933
307	91
307	124
307	378
307	422
307	699
307	910
307	954
308	171
308	638
308	640
308	710
308	887
308	894
308	984
309	93
309	174
309	446
309	520
309	528
309	790
309	928
310	16
310	404
310	808
310	819
310	924
310	957
310	960
311	211
311	388
311	590
311	713
311	750
311	887
311	901
312	478
312	569
312	581
312	658
312	741
312	745
312	750
313	207
313	211
313	420
313	557
313	750
313	860
313	901
314	295
314	670
314	675
314	847
314	907
314	923
314	931
315	247
315	352
315	530
315	563
315	652
315	709
315	844
316	7
316	270
316	411
316	504
316	678
316	803
316	835
317	113
317	441
317	571
317	704
317	774
317	784
317	919
318	497
318	689
318	796
318	831
318	902
318	933
318	938
319	304
319	646
319	798
319	908
319	916
319	923
319	987
320	55
320	204
320	644
320	714
320	788
320	815
320	878
321	3
321	362
321	529
321	822
321	837
321	909
321	980
322	167
322	300
322	518
322	761
322	885
322	993
322	997
323	104
323	705
323	740
323	935
323	939
323	981
323	1000
324	138
324	476
324	588
324	608
324	775
324	950
324	981
325	331
325	597
325	694
325	722
325	818
325	842
325	993
326	77
326	226
326	328
326	724
326	785
326	875
326	919
327	19
327	79
327	274
327	410
327	579
327	598
327	786
328	78
328	326
328	361
328	589
328	669
328	724
328	864
329	306
329	483
329	551
329	557
329	594
329	628
329	932
330	108
330	234
330	392
330	711
330	892
330	945
330	955
331	70
331	325
331	434
331	591
331	693
331	763
331	933
332	145
332	198
332	382
332	624
332	643
332	750
332	946
333	38
333	239
333	436
333	597
333	818
333	825
333	902
334	12
334	251
334	567
334	655
334	810
334	922
334	974
335	447
335	606
335	683
335	940
335	956
335	964
335	999
336	380
336	586
336	647
336	784
336	916
336	921
336	974
337	132
337	297
337	508
337	656
337	758
337	792
337	921
338	61
338	118
338	511
338	521
338	587
338	736
338	905
339	45
339	249
339	548
339	680
339	915
339	970
339	973
340	16
340	79
340	80
340	84
340	105
340	763
340	879
341	60
341	254
341	358
341	472
341	500
341	660
341	724
342	57
342	115
342	439
342	622
342	829
342	910
342	940
343	233
343	237
343	250
343	520
343	852
343	871
343	928
344	817
344	848
344	870
344	884
344	889
344	913
344	963
345	116
345	302
345	605
345	615
345	679
345	701
345	729
346	70
346	114
346	730
346	802
346	878
346	881
346	987
347	150
347	475
347	516
347	748
347	843
347	951
347	992
348	4
348	281
348	500
348	505
348	691
348	869
348	962
349	489
349	719
349	764
349	780
349	805
349	942
349	963
350	491
350	678
350	691
350	839
350	844
350	948
350	988
351	172
351	263
351	459
351	569
351	658
351	907
351	924
352	253
352	315
352	357
352	401
352	585
352	766
352	779
353	142
353	651
353	741
353	797
353	903
353	907
353	944
354	236
354	419
354	470
354	562
354	726
354	868
354	913
354	982
355	476
355	530
355	658
355	755
355	794
355	852
355	880
355	950
356	238
356	445
356	446
356	564
356	674
356	878
356	891
356	923
357	157
357	352
357	400
357	401
357	526
357	848
357	875
357	945
358	137
358	341
358	412
358	506
358	531
358	559
358	814
358	998
359	369
359	561
359	636
359	801
359	822
359	837
359	909
359	1000
360	120
360	133
360	167
360	210
360	518
360	746
360	889
360	972
361	36
361	110
361	137
361	328
361	522
361	669
361	727
361	930
362	152
362	219
362	225
362	321
362	501
362	769
362	801
362	848
363	135
363	191
363	475
363	505
363	545
363	659
363	664
363	676
364	47
364	71
364	718
364	733
364	871
364	899
364	918
364	959
365	31
365	595
365	647
365	655
365	798
365	888
365	916
365	987
366	266
366	559
366	614
366	677
366	704
366	774
366	784
366	884
367	27
367	271
367	282
367	554
367	696
367	816
367	861
367	933
368	187
368	533
368	659
368	721
368	777
368	880
368	927
368	961
369	200
369	206
369	359
369	382
369	505
369	515
369	721
369	757
370	65
370	485
370	592
370	718
370	815
370	836
370	899
370	959
371	59
371	493
371	517
371	594
371	766
371	855
371	901
371	919
372	269
372	381
372	461
372	581
372	716
372	788
372	862
372	985
373	153
373	202
373	556
373	662
373	842
373	878
373	886
373	923
374	186
374	413
374	502
374	513
374	565
374	568
374	730
374	876
375	292
375	419
375	759
375	817
375	913
375	916
375	930
375	952
376	239
376	398
376	433
376	525
376	538
376	805
376	856
376	897
377	467
377	567
377	655
377	697
377	762
377	847
377	865
377	974
378	295
378	307
378	635
378	675
378	878
378	886
378	968
378	997
379	435
379	504
379	536
379	549
379	711
379	782
379	905
379	965
380	263
380	336
380	646
380	744
380	800
380	810
380	974
380	987
381	204
381	236
381	372
381	427
381	646
381	716
381	788
381	945
382	200
382	226
382	332
382	369
382	757
382	761
382	795
382	988
383	113
383	599
383	707
383	763
383	816
383	912
383	914
383	933
384	282
384	474
384	598
384	623
384	678
384	745
384	828
384	835
385	432
385	544
385	606
385	644
385	829
385	961
385	975
385	977
386	217
386	415
386	674
386	822
386	841
386	845
386	915
386	976
387	56
387	469
387	633
387	649
387	673
387	854
387	884
387	952
388	208
388	229
388	311
388	478
388	486
388	727
388	800
388	887
389	129
389	751
389	755
389	781
389	806
389	939
389	977
389	991
390	189
390	277
390	439
390	778
390	823
390	865
390	956
390	989
391	402
391	566
391	631
391	641
391	642
391	866
391	918
391	941
392	54
392	108
392	330
392	442
392	485
392	499
392	645
392	834
393	6
393	33
393	438
393	516
393	689
393	854
393	914
393	928
394	37
394	55
394	541
394	554
394	610
394	634
394	707
394	822
395	76
395	151
395	161
395	600
395	643
395	697
395	771
395	793
396	43
396	169
396	300
396	747
396	799
396	831
396	902
396	994
397	233
397	645
397	752
397	761
397	808
397	846
397	889
397	997
398	48
398	376
398	629
398	648
398	719
398	805
398	897
398	910
399	583
399	624
399	627
399	683
399	702
399	710
399	770
399	807
400	93
400	206
400	357
400	402
400	526
400	528
400	538
400	698
401	352
401	357
401	472
401	533
401	789
401	824
401	920
401	936
402	35
402	391
402	400
402	659
402	682
402	906
402	908
402	990
403	123
403	457
403	547
403	811
403	827
403	829
403	939
403	977
404	310
404	575
404	589
404	737
404	797
404	832
404	957
404	976
405	164
405	526
405	585
405	819
405	832
405	845
405	871
405	972
406	523
406	579
406	646
406	810
406	829
406	865
406	974
406	978
407	279
407	548
407	787
407	796
407	799
407	823
407	831
407	902
408	287
408	607
408	792
408	826
408	880
408	915
408	921
408	932
409	87
409	168
409	437
409	682
409	797
409	807
409	859
409	941
410	207
410	274
410	327
410	536
410	663
410	717
410	823
410	838
411	80
411	316
411	717
411	747
411	814
411	834
411	855
411	860
412	232
412	254
412	358
412	438
412	559
412	762
412	774
412	998
413	234
413	293
413	374
413	455
413	502
413	667
413	812
413	979
414	168
414	606
414	703
414	711
414	734
414	829
414	975
414	999
415	386
415	767
415	770
415	780
415	856
415	895
415	926
415	954
416	305
416	495
416	665
416	672
416	794
416	832
416	879
416	974
417	246
417	443
417	450
417	650
417	668
417	740
417	935
417	983
418	245
418	287
418	511
418	587
418	618
418	751
418	917
418	921
419	50
419	253
419	354
419	375
419	430
419	744
419	817
419	848
420	138
420	274
420	313
420	512
420	628
420	741
420	814
420	860
421	234
421	454
421	485
421	536
421	573
421	870
421	965
421	983
422	139
422	216
422	283
422	307
422	841
422	925
422	946
422	973
423	253
423	441
423	525
423	688
423	715
423	751
423	839
423	928
424	23
424	74
424	120
424	604
424	815
424	840
424	972
424	1000
425	9
425	287
425	587
425	708
425	880
425	898
425	921
425	932
426	48
426	287
426	489
426	558
426	582
426	609
426	618
426	843
427	153
427	381
427	512
427	716
427	753
427	827
427	863
427	971
428	75
428	455
428	496
428	653
428	731
428	873
428	930
428	949
429	235
429	508
429	587
429	646
429	664
429	739
429	945
429	955
430	244
430	250
430	251
430	419
430	433
430	618
430	805
430	897
431	220
431	289
431	568
431	731
431	873
431	876
431	949
431	972
432	82
432	385
432	489
432	544
432	620
432	734
432	956
432	994
433	8
433	39
433	376
433	430
433	801
433	856
433	872
433	942
434	91
434	217
434	331
434	671
434	748
434	825
434	841
434	998
435	108
435	379
435	485
435	711
435	728
435	875
435	969
435	980
436	91
436	224
436	333
436	513
436	719
436	812
436	873
436	979
437	180
437	256
437	409
437	441
437	765
437	850
437	888
437	908
438	6
438	31
438	393
438	412
438	473
438	581
438	783
438	992
439	342
439	390
439	544
439	685
439	887
439	937
439	989
439	999
440	21
440	593
440	604
440	756
440	840
440	889
440	920
440	981
441	265
441	317
441	423
441	437
441	526
441	698
441	845
441	861
442	116
442	290
442	392
442	539
442	812
442	851
442	870
442	969
443	104
443	177
443	417
443	543
443	666
443	849
443	852
443	935
444	219
444	222
444	493
444	678
444	702
444	967
444	980
444	994
445	356
445	487
445	511
445	714
445	875
445	964
445	970
445	996
446	309
446	356
446	480
446	696
446	745
446	881
446	886
446	968
447	335
447	770
447	787
447	940
447	956
447	975
447	989
447	999
448	93
448	517
448	577
448	639
448	717
448	834
448	838
448	860
449	32
449	265
449	499
449	526
449	760
449	797
449	853
449	928
450	417
450	561
450	626
450	731
450	882
450	937
450	948
450	962
451	83
451	137
451	652
451	686
451	848
451	877
451	930
451	952
452	111
452	474
452	585
452	631
452	698
452	725
452	845
452	920
453	94
453	597
453	614
453	722
453	736
453	752
453	789
453	825
454	129
454	248
454	291
454	421
454	654
454	804
454	806
454	811
455	413
455	428
455	565
455	602
455	677
455	870
455	871
455	949
456	231
456	817
456	850
456	864
456	884
456	913
456	929
456	963
457	199
457	248
457	403
457	560
457	781
457	964
457	977
457	991
458	13
458	201
458	241
458	764
458	793
458	900
458	942
458	946
459	351
459	483
459	672
459	744
459	749
459	785
459	820
459	887
460	113
460	176
460	194
460	470
460	572
460	726
460	896
460	963
461	36
461	84
461	207
461	372
461	832
461	836
461	928
461	931
462	45
462	283
462	286
462	591
462	840
462	911
462	925
462	961
463	706
463	802
463	803
463	827
463	878
463	886
463	923
463	994
464	126
464	559
464	660
464	677
464	704
464	925
464	927
464	998
465	147
465	150
465	154
465	245
465	558
465	880
465	905
465	955
466	483
466	668
466	742
466	814
466	834
466	838
466	947
466	967
467	46
467	377
467	554
467	628
467	773
467	816
467	867
467	927
468	209
468	651
468	658
468	762
468	820
468	826
468	893
468	993
469	248
469	387
469	555
469	587
469	649
469	689
469	849
469	865
470	121
470	292
470	354
470	460
470	887
470	896
470	913
470	930
471	255
471	267
471	527
471	563
471	581
471	849
471	918
471	951
472	157
472	341
472	401
472	510
472	520
472	725
472	749
472	768
472	936
473	299
473	438
473	637
473	682
473	703
473	781
473	797
473	888
473	941
474	141
474	384
474	452
474	675
474	755
474	835
474	886
474	917
474	968
475	347
475	363
475	613
475	703
475	725
475	797
475	859
475	941
475	984
476	324
476	355
476	518
476	543
476	666
476	675
476	775
476	852
476	983
477	110
477	553
477	724
477	738
477	753
477	787
477	831
477	938
477	984
478	312
478	388
478	561
478	750
478	760
478	800
478	826
478	907
478	980
479	141
479	205
479	288
479	497
479	627
479	683
479	729
479	771
479	990
480	44
480	114
480	201
480	446
480	690
480	700
480	847
480	856
480	968
481	72
481	166
481	500
481	821
481	822
481	882
481	962
481	984
481	988
482	145
482	170
482	288
482	583
482	590
482	627
482	689
482	702
482	851
483	159
483	329
483	459
483	466
483	493
483	557
483	701
483	838
483	899
484	1
484	103
484	176
484	581
484	843
484	890
484	955
484	978
484	992
485	370
485	392
485	421
485	435
485	657
485	782
485	851
485	892
485	894
486	388
486	532
486	546
486	829
486	837
486	887
486	898
486	907
486	924
487	445
487	549
487	668
487	670
487	732
487	813
487	922
487	937
487	996
488	144
488	228
488	498
488	722
488	771
488	818
488	825
488	851
488	993
489	58
489	279
489	303
489	349
489	426
489	432
489	582
489	632
489	904
490	135
490	215
490	625
490	676
490	788
490	797
490	888
490	929
490	941
491	350
491	509
491	601
491	674
491	869
491	940
491	948
491	962
491	988
492	270
492	571
492	652
492	675
492	706
492	835
492	891
492	954
492	968
493	306
493	371
493	444
493	483
493	607
493	823
493	834
493	855
493	919
494	44
494	258
494	503
494	510
494	525
494	698
494	730
494	787
494	928
495	98
495	416
495	685
495	735
495	737
495	802
495	868
495	879
495	957
496	189
496	223
496	428
496	848
496	884
496	929
496	930
496	963
496	968
497	300
497	318
497	479
497	636
497	641
497	738
497	796
497	831
497	938
498	15
498	94
498	127
498	488
498	555
498	629
498	789
498	791
498	993
499	174
499	258
499	392
499	449
499	698
499	766
499	851
499	920
499	925
500	341
500	348
500	481
500	627
500	798
500	869
500	882
500	948
500	962
501	362
501	514
501	705
501	794
501	852
501	935
501	981
501	982
501	983
502	12
502	224
502	374
502	413
502	585
502	731
502	830
502	873
502	876
503	169
503	258
503	494
503	510
503	698
503	760
503	824
503	957
503	975
504	116
504	316
504	379
504	645
504	646
504	657
504	728
504	729
504	870
505	41
505	206
505	348
505	363
505	369
505	604
505	752
505	761
505	972
506	60
506	208
506	358
506	660
506	677
506	698
506	724
506	774
506	784
507	181
507	303
507	305
507	687
507	746
507	937
507	964
507	992
507	996
508	106
508	118
508	337
508	429
508	509
508	560
508	754
508	838
508	932
509	18
509	491
509	508
509	511
509	560
509	743
509	758
509	905
509	906
510	472
510	494
510	503
510	528
510	650
510	768
510	831
510	871
510	953
511	136
511	224
511	338
511	418
511	445
511	509
511	739
511	885
511	932
512	101
512	298
512	420
512	427
512	614
512	788
512	861
512	892
512	959
513	58
513	152
513	280
513	374
513	436
513	565
513	568
513	949
513	979
514	38
514	94
514	144
514	239
514	501
514	785
514	824
514	825
514	993
515	21
515	99
515	167
515	369
515	546
515	761
515	823
515	840
515	846
516	201
516	255
516	347
516	393
516	539
516	648
516	809
516	978
516	992
517	371
517	448
517	547
517	594
517	628
517	834
517	901
517	966
517	968
518	322
518	360
518	476
518	630
518	846
518	885
518	909
518	972
518	997
519	52
519	732
519	808
519	813
519	852
519	889
519	937
519	964
519	1000
520	106
520	309
520	343
520	472
520	725
520	923
520	924
520	928
520	969
521	86
521	163
521	338
521	547
521	842
521	964
521	970
521	980
521	996
522	81
522	207
522	361
522	619
522	684
522	761
522	819
522	857
522	960
523	35
523	406
523	566
523	613
523	625
523	659
523	664
523	713
523	950
524	595
524	646
524	647
524	810
524	908
524	916
524	943
524	953
524	974
525	376
525	423
525	494
525	688
525	766
525	871
525	920
525	925
525	936
526	157
526	357
526	400
526	405
526	441
526	449
526	760
526	908
526	913
527	54
527	193
527	471
527	581
527	652
527	951
527	966
527	988
527	992
528	28
528	224
528	309
528	400
528	510
528	698
528	845
528	915
528	936
529	104
529	146
529	246
529	321
529	617
529	926
529	950
529	981
529	983
530	36
530	146
530	246
530	262
530	315
530	355
530	535
530	705
530	981
531	90
531	254
531	358
531	660
531	724
531	769
531	785
531	864
531	998
532	39
532	63
532	272
532	486
532	552
532	658
532	671
532	720
532	744
533	14
533	74
533	200
533	272
533	368
533	401
533	639
533	667
533	894
534	105
534	158
534	672
534	690
534	735
534	824
534	857
534	912
534	960
535	24
535	118
535	246
535	530
535	587
535	607
535	758
535	898
535	962
536	172
536	290
536	379
536	410
536	421
536	605
536	657
536	733
536	778
537	57
537	84
537	257
537	597
537	642
537	691
537	821
537	882
537	988
538	239
538	376
538	400
538	582
538	618
538	648
538	770
538	856
538	953
539	5
539	121
539	238
539	442
539	516
539	555
539	849
539	931
539	992
540	178
540	262
540	574
540	650
540	775
540	883
540	919
540	926
540	982
541	91
541	191
541	208
541	215
541	394
541	621
541	654
541	749
541	883
542	77
542	216
542	266
542	677
542	684
542	784
542	785
542	912
542	998
543	178
543	220
543	443
543	476
543	572
543	611
543	740
543	982
543	983
544	101
544	287
544	385
544	432
544	439
544	778
544	824
544	829
544	956
545	180
545	299
545	363
545	566
545	641
545	670
545	797
545	831
545	906
546	89
546	486
546	515
546	578
546	683
546	720
546	820
546	903
546	976
547	403
547	517
547	521
547	577
547	612
547	630
547	786
547	814
547	855
548	73
548	89
548	300
548	339
548	407
548	747
548	789
548	902
548	938
549	73
549	265
549	379
549	487
549	574
549	747
549	753
549	787
549	831
550	259
550	272
550	619
550	668
550	753
550	773
550	853
550	867
550	953
551	124
551	249
551	329
551	792
551	841
551	944
551	947
551	976
551	991
552	63
552	532
552	562
552	568
552	651
552	695
552	708
552	750
552	826
553	86
553	477
553	687
553	767
553	808
553	842
553	900
553	937
553	970
554	55
554	187
554	367
554	394
554	467
554	640
554	765
554	969
554	984
555	247
555	249
555	469
555	498
555	539
555	709
555	849
555	966
555	979
556	202
556	373
556	623
556	635
556	847
556	917
556	945
556	952
556	996
557	306
557	313
557	329
557	483
557	600
557	776
557	831
557	834
557	889
558	97
558	426
558	465
558	648
558	725
558	895
558	904
558	942
558	989
559	60
559	103
559	358
559	366
559	412
559	464
559	627
559	677
559	919
560	287
560	457
560	508
560	509
560	649
560	779
560	792
560	905
560	932
561	57
561	359
561	450
561	478
561	601
561	821
561	850
561	882
561	988
562	281
562	354
562	552
562	626
562	642
562	850
562	896
562	962
562	988
563	103
563	315
563	471
563	662
563	725
563	854
563	890
563	978
563	992
564	62
564	67
564	356
564	635
564	828
564	836
564	886
564	917
564	953
565	26
565	374
565	455
565	513
565	602
565	649
565	656
565	731
565	754
565	979
566	9
566	391
566	523
566	545
566	573
566	713
566	828
566	846
566	859
566	908
567	29
567	216
567	334
567	377
567	579
567	595
567	862
567	865
567	974
567	987
568	374
568	431
568	513
568	552
568	653
568	792
568	873
568	876
568	902
568	949
569	63
569	302
569	312
569	351
569	578
569	731
569	893
569	907
569	921
569	924
570	161
570	693
570	696
570	763
570	894
570	912
570	914
570	933
570	934
570	991
571	183
571	317
571	492
571	576
571	704
571	724
571	785
571	919
571	989
571	998
572	26
572	50
572	95
572	245
572	460
572	543
572	817
572	877
572	896
572	929
573	2
573	162
573	421
573	566
573	769
573	773
573	822
573	967
573	994
573	1000
574	110
574	230
574	540
574	549
574	625
574	738
574	753
574	893
574	902
574	938
575	105
575	404
575	656
575	672
575	684
575	699
575	735
575	819
575	910
575	978
576	11
576	148
576	571
576	624
576	643
576	771
576	793
576	903
576	946
576	990
577	182
577	448
577	547
577	608
577	630
577	858
577	874
577	901
577	938
577	946
578	215
578	546
578	569
578	616
578	686
578	708
578	741
578	744
578	826
578	934
579	227
579	263
579	327
579	406
579	567
579	586
579	655
579	922
579	987
579	993
580	91
580	217
580	674
580	728
580	915
580	925
580	943
580	947
580	976
580	979
581	156
581	210
581	312
581	372
581	438
581	471
581	484
581	527
581	878
581	966
582	426
582	489
582	538
582	767
582	780
582	855
582	872
582	885
582	897
582	986
583	17
583	151
583	399
583	482
583	624
583	674
583	733
583	741
583	769
583	806
584	22
584	173
584	191
584	211
584	617
584	658
584	749
584	907
584	929
584	951
585	104
585	233
585	352
585	405
585	452
585	502
585	766
585	768
585	936
585	996
586	35
586	147
586	227
586	296
586	336
586	579
586	762
586	880
586	974
586	987
587	304
587	338
587	418
587	425
587	429
587	469
587	535
587	779
587	905
587	972
588	104
588	149
588	261
588	324
588	794
588	935
588	950
588	977
588	981
588	982
589	36
589	98
589	305
589	328
589	404
589	648
589	656
589	857
589	888
589	947
590	36
590	311
590	482
590	708
590	741
590	800
590	820
590	826
590	855
590	903
591	43
591	70
591	142
591	240
591	331
591	462
591	763
591	912
591	914
591	923
592	111
592	163
592	186
592	298
592	370
592	714
592	859
592	862
592	959
592	985
593	11
593	120
593	140
593	440
593	621
593	759
593	885
593	889
593	972
593	997
594	112
594	255
594	306
594	329
594	371
594	517
594	600
594	612
594	915
594	995
595	7
595	365
595	524
595	567
595	749
595	865
595	950
595	974
595	987
595	997
596	168
596	212
596	258
596	277
596	622
596	793
596	829
596	890
596	940
596	956
597	49
597	239
597	325
597	333
597	453
597	537
597	649
597	694
597	789
597	952
598	177
598	297
598	327
598	384
598	610
598	717
598	733
598	742
598	823
598	995
599	131
599	233
599	383
599	680
599	911
599	915
599	947
599	954
599	958
599	999
600	28
600	117
600	195
600	395
600	557
600	594
600	776
600	786
600	858
600	890
601	289
601	491
601	561
601	809
601	821
601	839
601	880
601	882
601	962
601	988
602	10
602	12
602	455
602	565
602	799
602	873
602	876
602	949
602	979
602	984
603	148
603	189
603	206
603	278
603	697
603	793
603	914
603	946
603	989
603	990
604	424
604	440
604	505
604	795
604	813
604	846
604	889
604	898
604	978
604	997
605	175
605	345
605	536
605	631
605	675
605	729
605	734
605	851
605	892
605	905
606	103
606	140
606	335
606	385
606	414
606	734
606	829
606	854
606	940
606	986
607	147
607	408
607	493
607	535
607	705
607	739
607	758
607	807
607	898
607	955
608	143
608	247
608	324
608	577
608	758
608	814
608	823
608	838
608	901
608	995
609	22
609	213
609	242
609	250
609	426
609	780
609	805
609	807
609	895
609	942
610	272
610	394
610	598
610	619
610	635
610	640
610	721
610	853
610	984
610	997
611	65
611	294
611	543
611	630
611	663
611	666
611	775
611	852
611	981
611	982
612	547
612	594
612	630
612	705
612	742
612	820
612	860
612	901
612	964
612	995
613	135
613	475
613	523
613	659
613	703
613	780
613	860
613	866
613	908
613	970
614	139
614	268
614	366
614	453
614	512
614	718
614	817
614	863
614	918
614	971
615	84
615	134
615	345
615	672
615	684
615	690
615	817
615	854
615	864
615	879
616	129
616	168
616	578
616	622
616	700
616	734
616	940
616	975
616	989
616	999
617	65
617	228
617	261
617	529
617	584
617	634
617	702
617	755
617	935
617	983
618	64
618	240
618	285
618	418
618	426
618	430
618	538
618	648
618	926
618	953
619	522
619	550
619	610
619	639
619	668
619	742
619	803
619	853
619	867
619	961
620	170
620	256
620	300
620	432
620	625
620	664
620	676
620	682
620	807
620	859
621	259
621	541
621	593
621	654
621	657
621	741
621	826
621	858
621	893
621	903
622	92
622	210
622	272
622	342
622	596
622	616
622	940
622	975
622	989
622	999
623	61
623	280
623	384
623	556
623	727
623	825
623	830
623	923
623	948
623	968
624	17
624	174
624	276
624	332
624	399
624	576
624	583
624	632
624	764
624	863
625	257
625	299
625	490
625	523
625	574
625	620
625	659
625	664
625	713
625	937
626	166
626	260
626	450
626	562
626	739
626	821
626	839
626	850
626	873
626	959
627	189
627	399
627	479
627	482
627	500
627	559
627	632
627	683
627	854
627	946
628	16
628	297
628	329
628	420
628	467
628	517
628	630
628	688
628	834
628	901
629	144
629	398
629	498
629	640
629	694
629	722
629	804
629	818
629	825
629	993
630	19
630	518
630	547
630	577
630	611
630	612
630	628
630	858
630	882
630	995
631	172
631	391
631	452
631	605
631	645
631	657
631	711
631	729
631	771
631	969
632	188
632	241
632	489
632	624
632	627
632	697
632	900
632	934
632	940
632	990
633	45
633	121
633	247
633	296
633	387
633	849
633	877
633	890
633	966
633	978
634	203
634	294
634	394
634	617
634	640
634	668
634	673
634	710
634	927
634	984
635	49
635	378
635	556
635	564
635	610
635	700
635	796
635	830
635	835
635	891
636	162
636	359
636	497
636	819
636	901
636	909
636	967
636	980
636	994
636	1000
637	2
637	174
637	205
637	473
637	659
637	664
637	703
637	775
637	866
637	941
638	47
638	197
638	308
638	641
638	776
638	807
638	859
638	906
638	908
638	950
639	15
639	272
639	284
639	448
639	533
639	619
639	663
639	805
639	837
639	984
639	986
640	72
640	88
640	187
640	286
640	308
640	554
640	610
640	629
640	634
640	772
640	867
641	391
641	497
641	545
641	638
641	676
641	713
641	718
641	773
641	797
641	807
641	888
642	122
642	391
642	537
642	562
642	645
642	821
642	839
642	850
642	869
642	906
642	947
643	90
643	332
643	395
643	576
643	702
643	764
643	771
643	793
643	843
643	946
643	959
644	7
644	153
644	213
644	235
644	320
644	385
644	863
644	874
644	899
644	945
644	985
645	155
645	269
645	290
645	392
645	397
645	504
645	631
645	642
645	701
645	965
645	969
646	296
646	304
646	319
646	380
646	381
646	406
646	429
646	504
646	524
646	798
646	987
647	251
647	296
647	336
647	365
647	524
647	762
647	788
647	798
647	932
647	987
647	990
648	97
648	119
648	398
648	516
648	538
648	558
648	589
648	618
648	719
648	780
648	953
649	103
649	109
649	387
649	469
649	560
649	565
649	597
649	783
649	837
649	951
649	978
650	261
650	417
650	510
650	540
650	710
650	740
650	775
650	883
650	921
650	935
650	982
651	39
651	55
651	67
651	97
651	353
651	468
651	552
651	658
651	782
651	893
651	907
652	24
652	109
652	121
652	176
652	315
652	451
652	492
652	527
652	673
652	951
652	992
653	80
653	196
653	428
653	568
653	720
653	754
653	812
653	873
653	876
653	949
653	962
654	173
654	179
654	259
654	454
654	541
654	621
654	749
654	757
654	893
654	924
654	995
655	227
655	251
655	334
655	365
655	377
655	579
655	762
655	810
655	854
655	918
655	961
656	134
656	337
656	565
656	575
656	589
656	727
656	791
656	857
656	879
656	920
656	960
657	302
657	485
657	504
657	536
657	621
657	631
657	729
657	746
657	842
657	965
657	969
658	22
658	32
658	312
658	351
658	355
658	468
658	532
658	584
658	651
658	891
658	924
659	9
659	363
659	368
659	402
659	523
659	613
659	625
659	637
659	719
659	908
659	971
660	54
660	60
660	77
660	341
660	464
660	506
660	531
660	717
660	784
660	785
660	952
661	127
661	144
661	694
661	729
661	736
661	815
661	818
661	825
661	946
661	948
661	993
662	373
662	563
662	678
662	706
662	802
662	803
662	830
662	851
662	878
662	917
662	944
663	9
663	37
663	185
663	410
663	611
663	639
663	667
663	707
663	867
663	894
663	994
664	363
664	429
664	523
664	620
664	625
664	637
664	713
664	805
664	860
664	866
664	941
665	79
665	84
665	416
665	672
665	684
665	791
665	868
665	935
665	957
665	966
665	981
666	125
666	192
666	443
666	476
666	611
666	755
666	857
666	863
666	935
666	960
666	983
667	55
667	120
667	133
667	413
667	533
667	663
667	668
667	805
667	867
667	961
667	986
668	417
668	466
668	487
668	550
668	619
668	634
668	667
668	721
668	772
668	927
668	986
669	214
669	328
669	361
669	672
669	684
669	857
669	864
669	879
669	904
669	919
669	979
670	87
670	149
670	163
670	165
670	314
670	487
670	545
670	746
670	922
670	956
670	996
671	221
671	243
671	434
671	532
671	687
671	748
671	833
671	882
671	911
671	954
671	958
672	75
672	145
672	305
672	416
672	459
672	534
672	575
672	615
672	665
672	669
672	957
673	5
673	27
673	102
673	230
673	387
673	634
673	652
673	717
673	844
673	966
673	992
674	356
674	386
674	491
674	580
674	583
674	841
674	911
674	944
674	958
674	973
674	976
675	119
675	295
675	314
675	378
675	474
675	476
675	492
675	605
675	678
675	706
675	948
676	205
676	363
676	490
676	620
676	641
676	681
676	807
676	906
676	939
676	941
676	961
677	190
677	366
677	455
677	464
677	506
677	542
677	559
677	721
677	724
677	774
677	784
678	280
678	316
678	350
678	384
678	444
678	662
678	675
678	730
678	773
678	828
678	968
679	76
679	345
679	735
679	769
679	801
679	822
679	850
679	967
679	980
679	994
679	1000
680	128
680	149
680	221
680	242
680	339
680	599
680	699
680	712
680	833
680	947
680	990
681	26
681	68
681	100
681	676
681	706
681	739
681	743
681	779
681	879
681	905
681	955
682	47
682	256
682	402
682	409
682	473
682	620
682	828
682	859
682	888
682	962
682	970
683	133
683	150
683	171
683	241
683	335
683	399
683	479
683	546
683	627
683	793
683	943
684	108
684	126
684	140
684	522
684	542
684	575
684	615
684	665
684	669
684	727
684	864
685	43
685	70
685	155
685	271
685	439
685	495
685	693
685	806
685	816
685	933
685	954
686	236
686	301
686	451
686	578
686	712
686	877
686	894
686	929
686	951
686	952
686	963
687	181
687	507
687	553
687	671
687	804
687	835
687	875
687	922
687	937
687	970
687	996
688	32
688	423
688	525
688	628
688	751
688	766
688	824
688	845
688	936
688	950
688	973
689	27
689	63
689	210
689	318
689	393
689	469
689	482
689	709
689	843
689	854
689	992
690	27
690	158
690	207
690	275
690	480
690	534
690	615
690	758
690	835
690	931
690	957
691	72
691	255
691	260
691	271
691	348
691	350
691	537
691	850
691	869
691	902
691	936
692	118
692	194
692	292
692	817
692	857
692	877
692	896
692	913
692	929
692	946
692	952
693	113
693	271
693	331
693	570
693	685
693	696
693	872
693	912
693	934
693	935
693	960
694	49
694	94
694	325
694	597
694	629
694	661
694	695
694	767
694	809
694	837
694	993
695	124
695	148
695	151
695	161
695	241
695	552
695	694
695	697
695	733
695	771
695	990
696	113
696	212
696	240
696	282
696	367
696	446
696	570
696	693
696	793
696	816
696	934
697	13
697	148
697	151
697	289
697	377
697	395
697	603
697	632
697	695
697	857
697	900
698	68
698	400
698	441
698	452
698	494
698	499
698	503
698	506
698	528
698	803
698	936
699	160
699	196
699	267
699	283
699	307
699	575
699	680
699	841
699	915
699	924
699	973
700	62
700	114
700	119
700	128
700	480
700	616
700	635
700	835
700	886
700	891
700	985
701	39
701	42
701	144
701	152
701	234
701	345
701	483
701	645
701	782
701	870
701	969
702	8
702	179
702	190
702	399
702	444
702	482
702	617
702	643
702	733
702	748
702	990
703	9
703	414
703	473
703	475
703	613
703	637
703	765
703	766
703	824
703	866
703	908
704	77
704	205
704	317
704	366
704	464
704	571
704	752
704	774
704	784
704	815
704	998
705	146
705	184
705	323
705	501
705	530
705	607
705	612
705	883
705	935
705	950
705	982
706	202
706	280
706	463
706	492
706	662
706	675
706	681
706	744
706	772
706	847
706	881
707	264
707	383
707	394
707	663
707	721
707	790
707	853
707	941
707	958
707	984
707	986
708	215
708	220
708	425
708	552
708	578
708	590
708	744
708	820
708	853
708	924
708	983
709	33
709	315
709	555
709	689
709	831
709	843
709	871
709	885
709	890
709	951
709	992
710	20
710	308
710	399
710	634
710	650
710	777
710	790
710	802
710	894
710	927
710	984
711	171
711	184
711	302
711	330
711	379
711	414
711	435
711	631
711	851
711	897
711	906
711	965
712	158
712	267
712	680
712	686
712	907
712	911
712	944
712	947
712	958
712	973
712	976
712	982
713	35
713	47
713	311
713	523
713	566
713	625
713	641
713	664
713	738
713	866
713	906
713	975
714	25
714	139
714	241
714	320
714	445
714	592
714	716
714	788
714	815
714	912
714	918
714	971
715	33
715	157
715	164
715	253
715	423
715	765
715	824
715	871
715	898
715	920
715	927
715	928
716	71
716	372
716	381
716	427
716	714
716	725
716	788
716	830
716	861
716	879
716	918
716	985
717	59
717	302
717	410
717	411
717	448
717	598
717	660
717	673
717	742
717	838
717	858
717	928
718	364
718	370
718	614
718	641
718	743
718	810
718	861
718	874
718	910
718	943
718	945
718	985
719	242
719	349
719	398
719	436
719	648
719	659
719	770
719	774
719	805
719	869
719	872
719	942
720	89
720	142
720	173
720	209
720	228
720	532
720	546
720	653
720	887
720	903
720	907
720	966
721	14
721	183
721	252
721	368
721	369
721	610
721	668
721	677
721	707
721	772
721	853
721	981
722	38
722	49
722	325
722	453
722	488
722	629
722	736
722	737
722	756
722	818
722	825
722	884
723	84
723	149
723	746
723	813
723	842
723	922
723	933
723	937
723	956
723	970
723	993
723	996
724	326
724	328
724	341
724	477
724	506
724	531
724	571
724	677
724	784
724	887
724	919
724	998
725	32
725	174
725	452
725	472
725	475
725	520
725	558
725	563
725	716
725	751
725	768
725	936
726	217
726	236
726	256
726	354
726	460
726	772
726	877
726	896
726	914
726	929
726	952
726	963
727	134
727	361
727	388
727	623
727	656
727	684
727	755
727	775
727	791
727	868
727	879
727	960
728	18
728	53
728	116
728	184
728	302
728	435
728	504
728	580
728	729
728	764
728	782
728	851
729	42
729	152
729	204
729	345
729	479
729	504
729	605
729	631
729	657
729	661
729	728
729	969
730	270
730	346
730	374
730	494
730	678
730	802
730	803
730	835
730	847
730	881
730	938
730	950
731	50
731	73
731	224
731	289
731	428
731	431
731	450
731	502
731	565
731	569
731	754
731	812
732	10
732	86
732	87
732	181
732	487
732	519
732	875
732	912
732	922
732	937
732	944
732	973
733	13
733	17
733	78
733	190
733	364
733	536
733	583
733	598
733	695
733	702
733	771
733	900
734	414
734	432
734	605
734	606
734	616
734	768
734	778
734	813
734	892
734	975
734	989
734	999
735	81
735	105
735	495
735	534
735	575
735	679
735	743
735	783
735	832
735	868
735	957
735	966
736	15
736	49
736	134
736	338
736	453
736	661
736	722
736	789
736	818
736	825
736	838
736	866
737	134
737	207
737	404
737	495
737	722
737	756
737	791
737	832
737	857
737	868
737	960
737	987
738	169
738	218
738	477
738	497
738	574
738	713
738	753
738	787
738	831
738	839
738	938
738	997
739	26
739	68
739	165
739	429
739	511
739	607
739	626
739	681
739	820
739	932
739	955
739	1000
740	53
740	65
740	86
740	178
740	192
740	323
740	417
740	543
740	650
740	794
740	893
740	970
741	39
741	215
741	312
741	353
741	420
741	578
741	583
741	590
741	621
741	800
741	911
741	924
742	143
742	466
742	598
742	612
742	619
742	717
742	814
742	828
742	840
742	858
742	882
742	901
743	100
743	147
743	509
743	681
743	718
743	735
743	779
743	792
743	898
743	899
743	932
743	989
744	191
744	380
744	419
744	459
744	532
744	578
744	706
744	708
744	800
744	893
744	907
744	924
745	295
745	312
745	384
745	446
745	803
745	809
745	830
745	847
745	881
745	917
745	978
745	996
746	163
746	360
746	507
746	657
746	670
746	723
746	813
746	830
746	842
746	875
746	964
746	996
747	73
747	110
747	230
747	396
747	411
747	548
747	549
747	799
747	806
747	890
747	902
747	995
748	240
748	243
748	267
748	283
748	347
748	434
748	671
748	702
748	841
748	915
748	924
748	958
749	208
749	459
749	472
749	541
749	584
749	595
749	654
749	750
749	800
749	826
749	891
749	903
750	191
750	280
750	311
750	312
750	313
750	332
750	478
750	552
750	749
750	881
750	887
750	924
751	273
751	389
751	418
751	423
751	688
751	725
751	760
751	768
751	820
751	845
751	871
751	936
752	120
752	126
752	397
752	453
752	505
752	704
752	757
752	759
752	840
752	845
752	972
752	997
753	289
753	427
753	477
753	549
753	550
753	574
753	738
753	767
753	796
753	799
753	902
753	938
754	80
754	293
754	508
754	565
754	653
754	731
754	812
754	876
754	949
754	979
754	987
754	998
755	246
755	262
755	355
755	389
755	474
755	617
755	666
755	727
755	775
755	852
755	883
755	983
756	99
756	200
756	226
756	301
756	440
756	722
756	737
756	759
756	795
756	963
756	972
756	997
757	167
757	251
757	369
757	382
757	654
757	752
757	761
757	795
757	846
757	885
757	962
757	997
758	18
758	24
758	136
758	213
758	337
758	509
758	535
758	607
758	608
758	690
758	792
758	896
759	23
759	164
759	206
759	375
759	593
759	752
759	756
759	762
759	775
759	795
759	840
759	889
760	32
760	265
760	449
760	478
760	503
760	526
760	751
760	793
760	821
760	849
760	871
760	928
761	34
761	222
761	322
761	382
761	397
761	505
761	515
761	522
761	757
761	795
761	815
761	846
762	66
762	377
762	412
762	468
762	586
762	647
762	655
762	759
762	798
762	865
762	916
762	960
763	134
763	331
763	340
763	383
763	570
763	591
763	816
763	877
763	912
763	914
763	933
763	934
764	14
764	17
764	349
764	458
764	624
764	643
764	728
764	771
764	900
764	927
764	946
764	990
765	135
765	180
765	217
765	437
765	554
765	703
765	715
765	807
765	859
765	888
765	908
765	941
765	942
766	106
766	214
766	352
766	371
766	499
766	525
766	585
766	688
766	703
766	768
766	871
766	920
766	954
767	59
767	244
767	415
767	553
767	582
767	694
767	753
767	856
767	872
767	904
767	926
767	942
767	953
768	10
768	237
768	253
768	265
768	472
768	510
768	585
768	725
768	734
768	751
768	766
768	819
768	936
769	2
769	52
769	362
769	531
769	573
769	583
769	679
769	837
769	909
769	967
769	980
769	993
769	1000
770	97
770	399
770	415
770	447
770	538
770	719
770	853
770	859
770	872
770	895
770	897
770	904
770	942
771	141
771	150
771	179
771	192
771	395
771	479
771	488
771	576
771	631
771	643
771	695
771	733
771	764
772	164
772	193
772	203
772	640
772	668
772	706
772	721
772	726
772	867
772	891
772	961
772	984
772	986
773	20
773	37
773	100
773	196
773	252
773	467
773	550
773	573
773	641
773	678
773	853
773	894
773	984
774	111
774	122
774	232
774	317
774	366
774	412
774	506
774	677
774	704
774	719
774	785
774	883
774	998
775	1
775	324
775	476
775	540
775	611
775	637
775	650
775	727
775	755
775	759
775	981
775	982
775	983
776	19
776	20
776	158
776	159
776	177
776	557
776	600
776	638
776	786
776	838
776	858
776	865
776	995
777	27
777	33
777	156
777	238
777	368
777	710
777	833
777	843
777	844
777	849
777	951
777	978
777	986
778	82
778	115
778	233
778	390
778	536
778	544
778	734
778	827
778	836
778	956
778	975
778	989
778	999
779	200
779	252
779	352
779	560
779	587
779	681
779	743
779	792
779	845
779	880
779	898
779	921
779	932
780	211
780	244
780	349
780	415
780	582
780	609
780	613
780	648
780	786
780	869
780	904
780	926
780	942
781	16
781	90
781	129
781	181
781	199
781	285
781	389
781	457
781	473
781	804
781	811
781	827
781	991
782	4
782	42
782	85
782	108
782	215
782	257
782	379
782	485
782	651
782	701
782	728
782	870
782	892
783	6
783	56
783	122
783	202
783	244
783	438
783	649
783	735
783	844
783	849
783	854
783	890
783	992
784	317
784	336
784	366
784	506
784	542
784	660
784	677
784	704
784	724
784	819
784	870
784	890
784	919
785	183
785	326
785	459
785	514
785	531
785	542
785	571
785	660
785	774
785	919
785	952
785	971
785	998
786	28
786	78
786	252
786	274
786	281
786	327
786	547
786	600
786	776
786	780
786	814
786	816
786	858
787	300
787	407
787	447
787	477
787	494
787	549
787	738
787	796
787	799
787	831
787	915
787	938
787	963
788	117
788	186
788	197
788	320
788	372
788	381
788	490
788	512
788	647
788	714
788	716
788	808
788	910
789	15
789	38
789	127
789	401
789	453
789	498
789	548
789	597
789	736
789	825
789	919
789	930
789	993
790	32
790	196
790	252
790	264
790	309
790	707
790	710
790	832
790	833
790	867
790	894
790	961
790	984
791	16
791	154
791	498
791	656
791	665
791	727
791	737
791	864
791	868
791	873
791	879
791	897
791	948
792	337
792	408
792	551
792	560
792	568
792	743
792	758
792	779
792	862
792	880
792	905
792	929
792	932
793	13
793	127
793	151
793	395
793	458
793	576
793	596
793	603
793	643
793	683
793	696
793	760
793	990
794	83
794	104
794	224
794	262
794	355
794	416
794	501
794	588
794	740
794	852
794	903
794	950
794	982
795	64
795	188
795	226
795	382
795	604
795	756
795	757
795	759
795	761
795	846
795	885
795	940
795	972
796	58
796	169
796	219
796	260
796	318
796	407
796	497
796	635
796	753
796	787
796	799
796	874
796	938
797	47
797	353
797	404
797	409
797	449
797	473
797	475
797	490
797	545
797	641
797	886
797	906
797	908
798	3
798	50
798	304
798	319
798	365
798	500
798	646
798	647
798	762
798	810
798	862
798	974
798	987
799	218
799	300
799	396
799	407
799	602
799	747
799	753
799	787
799	796
799	831
799	860
799	862
799	899
800	89
800	139
800	220
800	259
800	380
800	388
800	478
800	590
800	741
800	744
800	749
800	965
800	968
801	219
801	229
801	359
801	362
801	433
801	679
801	852
801	909
801	967
801	971
801	980
801	994
801	997
802	67
802	178
802	346
802	463
802	495
802	662
802	710
802	730
802	809
802	830
802	886
802	923
802	947
803	202
803	203
803	294
803	316
803	463
803	619
803	662
803	698
803	730
803	745
803	809
803	846
803	923
804	11
804	454
804	629
804	687
804	781
804	806
804	811
804	827
804	939
804	949
804	974
804	977
804	991
805	242
805	303
805	349
805	376
805	398
805	430
805	609
805	639
805	664
805	667
805	719
805	895
805	904
806	29
806	90
806	199
806	285
806	389
806	454
806	583
806	685
806	747
806	804
806	939
806	977
806	991
807	180
807	399
807	409
807	607
807	609
807	620
807	638
807	641
807	676
807	765
807	906
807	941
807	949
808	52
808	85
808	87
808	163
808	310
808	397
808	519
808	553
808	788
808	842
808	893
808	922
808	964
809	95
809	294
809	516
809	601
809	694
809	745
809	802
809	803
809	835
809	886
809	923
809	959
809	968
810	304
810	334
810	380
810	406
810	524
810	655
810	718
810	798
810	875
810	899
810	916
810	985
810	987
811	44
811	210
811	232
811	248
811	285
811	403
811	454
811	781
811	804
811	827
811	976
811	984
811	991
812	12
812	80
812	208
812	413
812	436
812	442
812	653
812	731
812	754
812	879
812	949
812	970
812	979
813	85
813	92
813	487
813	519
813	604
813	723
813	734
813	746
813	842
813	896
813	922
813	964
813	970
814	2
814	358
814	411
814	420
814	466
814	547
814	608
814	742
814	786
814	823
814	834
814	873
814	995
815	71
815	101
815	320
815	370
815	424
815	661
815	704
815	714
815	761
815	861
815	862
815	874
815	910
815	943
816	240
816	270
816	271
816	282
816	367
816	383
816	467
816	685
816	696
816	763
816	786
816	841
816	933
816	934
817	83
817	138
817	231
817	344
817	375
817	419
817	456
817	572
817	614
817	615
817	692
817	882
817	884
817	979
818	15
818	239
818	325
818	333
818	488
818	629
818	661
818	722
818	736
818	838
818	852
818	917
818	949
818	993
819	16
819	98
819	112
819	126
819	137
819	214
819	310
819	405
819	522
819	575
819	636
819	768
819	784
819	864
820	89
820	259
820	459
820	468
820	546
820	590
820	612
820	708
820	739
820	751
820	830
820	887
820	893
820	945
821	249
821	260
821	481
821	537
821	561
821	601
821	626
821	642
821	760
821	839
821	869
821	948
821	966
821	986
822	222
822	225
822	229
822	321
822	359
822	386
822	394
822	481
822	573
822	679
822	909
822	951
822	980
822	1000
823	59
823	159
823	390
823	407
823	410
823	493
823	515
823	598
823	608
823	814
823	855
823	858
823	909
823	995
824	111
824	284
824	401
824	503
824	514
824	534
824	544
824	688
824	703
824	715
824	871
824	911
824	928
824	936
825	333
825	434
825	453
825	488
825	514
825	623
825	629
825	661
825	722
825	736
825	789
825	846
825	914
825	993
826	220
826	408
826	468
826	478
826	552
826	578
826	590
826	621
826	749
826	870
826	895
826	903
826	907
826	945
827	11
827	29
827	44
827	403
827	427
827	463
827	778
827	781
827	804
827	811
827	886
827	939
827	977
827	991
828	61
828	384
828	564
828	566
828	678
828	682
828	742
828	847
828	878
828	881
828	891
828	917
828	923
828	973
829	168
829	218
829	286
829	342
829	385
829	403
829	406
829	414
829	486
829	544
829	596
829	606
829	975
829	989
830	67
830	270
830	502
830	623
830	635
830	662
830	716
830	745
830	746
830	802
830	820
830	881
830	883
830	917
831	58
831	318
831	396
831	407
831	477
831	497
831	510
831	545
831	549
831	557
831	709
831	738
831	787
831	799
832	126
832	158
832	167
832	404
832	405
832	416
832	461
832	735
832	737
832	790
832	864
832	868
832	940
832	957
833	131
833	187
833	216
833	276
833	278
833	671
833	680
833	777
833	790
833	911
833	925
833	944
833	947
833	954
834	195
834	212
834	306
834	392
834	411
834	448
834	466
834	493
834	517
834	557
834	628
834	814
834	905
834	991
835	191
835	295
835	316
835	384
835	474
835	492
835	635
835	687
835	690
835	700
835	730
835	809
835	968
835	980
836	204
836	269
836	370
836	461
836	564
836	778
836	862
836	874
836	899
836	910
836	918
836	943
836	945
836	996
837	76
837	273
837	321
837	359
837	486
837	639
837	649
837	694
837	769
837	909
837	967
837	980
837	994
837	1000
838	28
838	51
838	182
838	410
838	448
838	466
838	483
838	508
838	608
838	717
838	736
838	776
838	818
838	860
839	57
839	284
839	350
839	423
839	601
839	626
839	642
839	738
839	821
839	847
839	850
839	869
839	882
839	962
840	99
840	110
840	136
840	226
840	424
840	440
840	462
840	515
840	742
840	752
840	759
840	846
840	885
840	997
841	128
841	254
841	306
841	386
841	422
841	434
841	551
841	674
841	699
841	748
841	816
841	936
841	954
841	973
842	10
842	325
842	373
842	521
842	553
842	657
842	723
842	746
842	808
842	813
842	937
842	955
842	970
842	996
843	121
843	238
843	347
843	426
843	484
843	643
843	689
843	709
843	777
843	844
843	890
843	898
843	936
843	978
844	31
844	48
844	194
844	315
844	350
844	673
844	777
844	783
844	843
844	875
844	890
844	891
844	978
844	992
845	93
845	111
845	233
845	386
845	405
845	441
845	452
845	528
845	688
845	751
845	752
845	779
845	920
845	974
846	397
846	515
846	518
846	566
846	604
846	757
846	761
846	795
846	803
846	825
846	840
846	889
846	892
846	997
847	314
847	377
847	480
847	556
847	706
847	730
847	745
847	828
847	839
847	882
847	891
847	896
847	923
847	941
848	3
848	21
848	301
848	344
848	357
848	362
848	419
848	451
848	496
848	884
848	896
848	907
848	929
848	930
848	963
849	40
849	56
849	176
849	238
849	443
849	469
849	471
849	539
849	555
849	633
849	760
849	777
849	783
849	856
849	878
850	290
850	437
850	456
850	561
850	562
850	626
850	642
850	679
850	691
850	839
850	869
850	882
850	948
850	962
850	988
851	152
851	172
851	442
851	482
851	485
851	488
851	499
851	605
851	662
851	711
851	728
851	870
851	892
851	922
851	969
852	178
852	343
852	355
852	443
852	476
852	501
852	519
852	611
852	755
852	794
852	801
852	818
852	950
852	981
852	983
853	185
853	188
853	449
853	550
853	610
853	619
853	707
853	708
853	721
853	770
853	773
853	867
853	961
853	984
853	986
854	102
854	156
854	255
854	387
854	393
854	563
854	606
854	615
854	627
854	655
854	689
854	783
854	890
854	951
854	988
855	19
855	30
855	143
855	166
855	177
855	371
855	411
855	493
855	547
855	582
855	590
855	823
855	858
855	964
855	995
856	170
856	242
856	279
856	376
856	415
856	433
856	480
856	538
856	767
856	849
856	895
856	896
856	897
856	904
856	926
857	98
857	126
857	275
857	522
857	534
857	589
857	656
857	666
857	669
857	692
857	697
857	737
857	921
857	931
857	957
858	143
858	214
858	262
858	297
858	577
858	600
858	621
858	630
858	717
858	742
858	776
858	786
858	823
858	855
858	878
859	130
859	180
859	197
859	225
859	409
859	475
859	566
859	592
859	620
859	638
859	682
859	765
859	770
859	888
859	941
860	28
860	63
860	148
860	195
860	297
860	313
860	411
860	420
860	448
860	612
860	613
860	664
860	799
860	838
860	995
861	135
861	166
861	213
861	367
861	441
861	512
861	716
861	718
861	815
861	863
861	874
861	899
861	910
861	943
861	999
862	25
862	213
862	269
862	372
862	567
862	592
862	792
862	798
862	799
862	815
862	836
862	877
862	959
862	971
862	985
863	101
863	102
863	180
863	304
863	427
863	614
863	624
863	644
863	666
863	861
863	918
863	943
863	959
863	971
863	985
864	77
864	328
864	456
864	531
864	615
864	669
864	684
864	791
864	819
864	832
864	868
864	925
864	931
864	957
864	994
865	7
865	66
865	227
865	230
865	251
865	274
865	377
865	390
865	406
865	469
865	567
865	595
865	762
865	776
865	916
866	45
866	51
866	56
866	197
866	205
866	299
866	391
866	613
866	637
866	664
866	703
866	713
866	736
866	888
866	906
867	23
867	193
867	260
867	295
867	467
867	550
867	619
867	640
867	663
867	667
867	772
867	790
867	853
867	891
867	900
868	112
868	137
868	354
868	495
868	665
868	727
868	735
868	737
868	791
868	832
868	864
868	922
868	931
868	932
868	940
869	122
869	243
869	348
869	491
869	500
869	642
869	691
869	719
869	780
869	821
869	839
869	850
869	887
869	894
869	988
870	234
870	257
870	302
870	344
870	421
870	442
870	455
870	504
870	701
870	782
870	784
870	826
870	851
870	892
870	965
871	106
871	237
871	343
871	364
871	405
871	455
871	510
871	525
871	709
871	715
871	751
871	760
871	766
871	824
871	881
872	190
872	433
872	582
872	693
872	719
872	767
872	770
872	888
872	895
872	897
872	904
872	910
872	926
872	953
872	995
873	120
873	428
873	431
873	436
873	502
873	568
873	602
873	626
873	653
873	791
873	814
873	876
873	949
873	972
873	979
874	30
874	96
874	145
874	213
874	269
874	577
874	644
874	718
874	796
874	815
874	836
874	861
874	918
874	971
874	976
875	87
875	149
875	326
875	357
875	435
875	445
875	687
875	732
875	746
875	810
875	844
875	922
875	937
875	964
875	996
876	75
876	199
876	293
876	374
876	431
876	502
876	568
876	602
876	653
876	754
876	873
876	909
876	959
876	979
876	998
877	50
877	95
877	125
877	451
877	572
877	633
877	686
877	692
877	726
877	763
877	862
877	884
877	929
877	952
877	963
878	201
878	320
878	346
878	356
878	373
878	378
878	463
878	581
878	662
878	828
878	849
878	858
878	879
878	886
878	923
879	340
879	416
879	495
879	615
879	656
879	669
879	681
879	716
879	727
879	791
879	812
879	878
879	911
879	931
879	960
880	24
880	26
880	68
880	136
880	355
880	368
880	408
880	425
880	465
880	586
880	601
880	779
880	792
880	921
880	955
881	114
881	201
881	261
881	291
881	346
881	446
881	706
881	730
881	745
881	750
881	828
881	830
881	871
881	917
881	967
882	450
882	481
882	500
882	537
882	561
882	601
882	630
882	671
882	742
882	817
882	839
882	847
882	850
882	948
882	962
883	1
883	228
883	253
883	261
883	540
883	541
883	650
883	705
883	755
883	774
883	830
883	935
883	936
883	950
883	982
884	87
884	231
884	301
884	344
884	366
884	387
884	456
884	496
884	722
884	817
884	848
884	877
884	930
884	952
884	963
885	61
885	99
885	167
885	322
885	511
885	518
885	582
885	593
885	709
885	757
885	795
885	840
885	889
885	972
885	997
886	157
886	373
886	378
886	446
886	463
886	474
886	564
886	700
886	797
886	802
886	809
886	827
886	878
886	891
886	892
887	142
887	208
887	308
887	311
887	388
887	439
887	459
887	470
887	486
887	720
887	724
887	750
887	820
887	869
887	907
887	924
888	135
888	197
888	277
888	365
888	437
888	473
888	490
888	589
888	641
888	682
888	765
888	859
888	866
888	872
888	906
888	967
889	74
889	206
889	344
889	360
889	397
889	440
889	519
889	557
889	593
889	604
889	759
889	846
889	885
889	972
889	992
889	997
890	37
890	102
890	484
890	563
890	596
890	600
890	633
890	709
890	747
890	783
890	784
890	843
890	844
890	854
890	966
890	992
891	67
891	119
891	294
891	356
891	492
891	635
891	658
891	700
891	749
891	772
891	828
891	844
891	847
891	867
891	886
891	968
892	42
892	54
892	152
892	175
892	257
892	330
892	485
892	512
892	605
892	734
892	782
892	846
892	851
892	870
892	886
892	967
893	39
893	209
893	211
893	215
893	298
893	468
893	569
893	574
893	621
893	651
893	654
893	740
893	744
893	808
893	820
893	980
894	37
894	46
894	183
894	252
894	308
894	485
894	533
894	570
894	663
894	686
894	710
894	773
894	790
894	869
894	984
894	986
895	5
895	64
895	82
895	266
895	303
895	415
895	558
895	609
895	770
895	805
895	826
895	856
895	872
895	897
895	904
895	957
896	3
896	194
896	223
896	236
896	460
896	470
896	562
896	572
896	692
896	726
896	758
896	813
896	847
896	848
896	856
896	963
897	46
897	93
897	169
897	244
897	376
897	398
897	430
897	582
897	711
897	770
897	791
897	856
897	872
897	895
897	926
897	953
898	18
898	100
898	136
898	235
898	425
898	486
898	535
898	604
898	607
898	715
898	743
898	779
898	843
898	905
898	932
898	955
899	25
899	101
899	292
899	364
899	370
899	483
899	644
899	743
899	799
899	810
899	836
899	861
899	910
899	918
899	945
899	959
900	8
900	95
900	141
900	145
900	198
900	265
900	281
900	458
900	553
900	632
900	697
900	733
900	764
900	867
900	946
900	990
901	28
901	78
901	195
901	202
901	290
901	296
901	311
901	313
901	371
901	517
901	577
901	608
901	612
901	628
901	636
901	742
902	58
902	101
902	169
902	218
902	230
902	318
902	333
902	396
902	407
902	548
902	568
902	574
902	691
902	747
902	753
902	968
903	46
903	173
903	208
903	220
903	353
903	546
903	576
903	590
903	621
903	720
903	749
903	794
903	826
903	909
903	924
903	933
904	17
904	64
904	234
904	279
904	489
904	558
904	669
904	767
904	770
904	780
904	805
904	856
904	872
904	895
904	953
904	991
905	132
905	245
905	338
905	379
905	465
905	509
905	560
905	587
905	605
905	681
905	792
905	834
905	898
905	921
905	932
905	1000
906	256
906	293
906	299
906	402
906	509
906	545
906	638
906	642
906	676
906	711
906	713
906	797
906	807
906	866
906	888
906	981
907	142
907	314
907	351
907	353
907	478
907	486
907	569
907	584
907	651
907	712
907	720
907	744
907	826
907	848
907	887
907	949
908	47
908	256
908	264
908	319
908	402
908	437
908	524
908	526
908	566
908	613
908	638
908	659
908	703
908	765
908	797
908	941
909	162
909	225
909	321
909	359
909	518
909	636
909	769
909	801
909	822
909	823
909	837
909	876
909	903
909	967
909	980
909	991
910	268
910	269
910	307
910	342
910	398
910	575
910	718
910	788
910	815
910	836
910	861
910	872
910	899
910	943
910	945
910	985
911	128
911	217
911	276
911	462
911	599
911	671
911	674
911	712
911	741
911	824
911	833
911	879
911	915
911	930
911	947
911	958
912	43
912	69
912	155
912	262
912	271
912	383
912	534
912	542
912	570
912	591
912	693
912	714
912	732
912	763
912	914
912	934
913	3
913	34
913	83
913	109
913	182
913	292
913	344
913	354
913	375
913	456
913	470
913	526
913	692
913	952
913	963
913	999
914	43
914	69
914	155
914	271
914	383
914	393
914	570
914	591
914	603
914	726
914	763
914	825
914	912
914	933
914	934
914	951
915	45
915	160
915	198
915	243
915	339
915	386
915	408
915	528
915	580
915	594
915	599
915	699
915	748
915	787
915	911
915	944
916	66
916	71
916	118
916	263
916	319
916	336
916	365
916	375
916	524
916	762
916	810
916	865
916	939
916	943
916	974
916	987
917	35
917	61
917	62
917	94
917	123
917	201
917	418
917	474
917	556
917	564
917	662
917	745
917	818
917	828
917	830
917	881
918	96
918	117
918	153
918	288
918	364
918	391
918	471
918	614
918	655
918	714
918	716
918	836
918	863
918	874
918	899
918	971
918	997
919	130
919	183
919	232
919	266
919	317
919	326
919	371
919	493
919	540
919	559
919	571
919	669
919	724
919	784
919	785
919	789
919	998
920	143
920	237
920	253
920	265
920	284
920	401
920	440
920	452
920	499
920	525
920	656
920	715
920	766
920	845
920	954
920	955
920	985
921	235
921	245
921	287
921	336
921	337
921	408
921	418
921	425
921	569
921	650
921	779
921	857
921	880
921	905
921	932
921	955
921	980
922	10
922	119
922	334
922	487
922	579
922	670
922	687
922	723
922	732
922	808
922	813
922	851
922	868
922	875
922	937
922	964
922	970
923	88
923	114
923	175
923	314
923	319
923	356
923	373
923	463
923	520
923	591
923	623
923	802
923	803
923	809
923	828
923	847
923	878
924	259
924	310
924	351
924	486
924	520
924	569
924	654
924	658
924	699
924	708
924	741
924	744
924	748
924	750
924	887
924	903
924	941
925	91
925	249
925	267
925	269
925	286
925	422
925	462
925	464
925	499
925	525
925	580
925	833
925	864
925	958
925	973
925	976
925	992
926	219
926	242
926	250
926	303
926	415
926	529
926	540
926	618
926	767
926	780
926	856
926	872
926	897
926	942
926	953
926	954
926	974
927	18
927	20
927	51
927	55
927	65
927	88
927	133
927	185
927	368
927	464
927	467
927	634
927	668
927	710
927	715
927	764
927	986
928	164
928	174
928	309
928	343
928	393
928	423
928	449
928	461
928	494
928	520
928	715
928	717
928	760
928	824
928	936
928	965
928	975
929	138
929	223
929	241
929	258
929	292
929	456
929	490
929	496
929	572
929	584
929	686
929	692
929	726
929	792
929	848
929	877
929	930
930	95
930	138
930	223
930	283
930	361
930	375
930	428
930	451
930	470
930	496
930	789
930	848
930	884
930	911
930	929
930	952
930	963
931	36
931	62
931	81
931	112
931	154
931	158
931	314
931	461
931	539
931	690
931	857
931	864
931	868
931	879
931	947
931	960
931	990
932	162
932	297
932	329
932	408
932	425
932	508
932	511
932	560
932	647
932	739
932	743
932	779
932	792
932	868
932	898
932	905
932	921
933	69
933	70
933	240
933	306
933	318
933	331
933	367
933	383
933	570
933	685
933	723
933	763
933	816
933	903
933	914
933	934
933	999
934	6
934	19
934	70
934	113
934	155
934	282
934	570
934	578
934	632
934	693
934	696
934	763
934	816
934	912
934	914
934	933
934	988
934	992
935	146
935	259
935	277
935	323
935	417
935	443
935	501
935	588
935	617
935	650
935	665
935	666
935	693
935	705
935	883
935	950
935	992
935	994
936	114
936	284
936	401
936	472
936	525
936	528
936	585
936	688
936	691
936	698
936	725
936	751
936	768
936	824
936	841
936	843
936	883
936	928
937	52
937	85
937	281
937	439
937	450
937	487
937	507
937	519
937	553
937	625
937	687
937	723
937	732
937	842
937	875
937	922
937	955
937	970
938	58
938	73
938	110
938	155
938	206
938	230
938	318
938	477
938	497
938	548
938	574
938	577
938	730
938	738
938	753
938	787
938	796
938	995
939	11
939	30
939	90
939	123
939	129
939	291
939	323
939	389
939	403
939	676
939	804
939	806
939	827
939	916
939	958
939	977
939	985
939	991
940	82
940	212
940	277
940	335
940	342
940	447
940	491
940	596
940	606
940	616
940	622
940	632
940	795
940	832
940	868
940	956
940	989
940	999
941	35
941	115
941	391
941	409
941	473
941	475
941	490
941	637
941	664
941	676
941	707
941	765
941	807
941	847
941	859
941	908
941	924
941	986
942	64
942	97
942	175
942	223
942	250
942	349
942	433
942	458
942	558
942	609
942	719
942	765
942	767
942	770
942	780
942	926
942	948
942	953
943	96
943	132
943	139
943	142
943	524
943	580
943	683
943	718
943	815
943	836
943	861
943	863
943	910
943	916
943	945
943	959
943	971
943	985
944	131
944	245
944	249
944	276
944	353
944	551
944	662
944	674
944	712
944	732
944	833
944	915
944	947
944	954
944	958
944	973
944	977
944	987
945	153
945	298
945	330
945	357
945	381
945	429
945	556
945	644
945	718
945	820
945	826
945	836
945	899
945	910
945	943
945	959
945	971
945	985
946	8
946	161
946	170
946	188
946	278
946	332
946	422
946	458
946	576
946	577
946	603
946	627
946	643
946	661
946	692
946	764
946	900
946	988
947	41
947	216
947	276
947	466
947	551
947	580
947	589
947	599
947	642
947	680
947	712
947	802
947	833
947	911
947	931
947	944
947	958
947	976
948	72
948	166
948	231
948	260
948	350
948	450
948	491
948	500
948	623
948	661
948	675
948	791
948	821
948	850
948	882
948	942
948	962
948	988
949	75
949	289
949	293
949	428
949	431
949	455
949	513
949	568
949	602
949	653
949	754
949	804
949	807
949	812
949	818
949	873
949	907
949	972
950	1
950	261
950	324
950	355
950	523
950	529
950	588
950	595
950	638
950	688
950	705
950	730
950	794
950	852
950	883
950	935
950	981
950	983
951	31
951	48
951	165
951	255
951	347
951	471
951	527
951	584
951	649
951	652
951	686
951	709
951	777
951	822
951	854
951	914
951	966
951	978
952	3
952	50
952	231
952	301
952	375
952	387
952	451
952	556
952	597
952	660
952	686
952	692
952	726
952	785
952	877
952	884
952	913
952	930
953	97
953	112
953	244
953	279
953	510
953	524
953	538
953	550
953	564
953	618
953	648
953	767
953	872
953	897
953	904
953	926
953	942
953	956
954	41
954	131
954	221
954	249
954	286
954	307
954	415
954	492
954	599
954	671
954	685
954	766
954	833
954	841
954	920
954	926
954	944
954	976
955	24
955	68
955	132
955	245
955	266
955	330
955	429
955	465
955	484
955	607
955	681
955	739
955	842
955	880
955	898
955	920
955	921
955	937
956	140
956	153
956	212
956	335
956	390
956	432
956	447
956	544
956	596
956	670
956	723
956	778
956	940
956	953
956	975
956	989
956	990
956	999
957	137
957	176
957	214
957	310
957	404
957	495
957	503
957	665
957	672
957	690
957	735
957	832
957	857
957	864
957	895
957	960
957	971
957	986
958	41
958	109
958	192
958	217
958	221
958	299
958	599
958	671
958	674
958	707
958	712
958	748
958	911
958	925
958	939
958	944
958	947
958	962
959	117
959	130
959	186
959	213
959	364
959	370
959	512
959	592
959	626
959	643
959	809
959	862
959	863
959	876
959	899
959	943
959	945
959	971
960	79
960	105
960	275
960	305
960	310
960	522
960	534
960	656
960	666
960	693
960	727
960	737
960	762
960	879
960	931
960	957
960	975
960	984
961	14
961	46
961	51
961	125
961	133
961	193
961	196
961	247
961	368
961	385
961	462
961	619
961	655
961	667
961	676
961	772
961	790
961	853
962	1
962	260
962	348
962	450
962	481
962	491
962	500
962	535
962	562
962	601
962	653
962	682
962	757
962	839
962	850
962	882
962	948
962	958
962	988
963	34
963	185
963	209
963	267
963	344
963	349
963	456
963	460
963	496
963	686
963	726
963	756
963	787
963	848
963	877
963	884
963	896
963	913
963	930
964	10
964	52
964	79
964	92
964	165
964	195
964	335
964	445
964	457
964	507
964	519
964	521
964	612
964	746
964	808
964	813
964	855
964	875
964	922
965	4
965	54
965	59
965	88
965	107
965	175
965	184
965	257
965	290
965	379
965	421
965	645
965	657
965	711
965	800
965	870
965	928
965	969
965	987
966	27
966	48
966	56
966	103
966	156
966	238
966	517
966	527
966	555
966	581
966	633
966	665
966	673
966	720
966	735
966	821
966	890
966	951
966	977
967	13
967	64
967	225
967	229
967	444
967	466
967	573
967	636
967	679
967	769
967	801
967	837
967	881
967	888
967	892
967	909
967	980
967	994
967	1000
968	61
968	119
968	221
968	294
968	378
968	446
968	474
968	480
968	492
968	496
968	517
968	623
968	678
968	800
968	809
968	835
968	891
968	902
968	971
969	53
969	107
969	160
969	172
969	228
969	234
969	237
969	268
969	435
969	442
969	520
969	554
969	631
969	645
969	657
969	701
969	729
969	851
969	965
970	85
970	92
970	165
970	235
970	339
970	445
970	521
970	553
970	613
970	682
970	687
970	723
970	740
970	812
970	813
970	842
970	922
970	937
970	996
971	71
971	96
971	207
971	298
971	427
971	614
971	659
971	714
971	785
971	801
971	862
971	863
971	874
971	918
971	943
971	945
971	957
971	959
971	968
972	21
972	200
972	226
972	360
972	405
972	424
972	431
972	505
972	518
972	587
972	593
972	752
972	756
972	795
972	873
972	885
972	889
972	949
972	985
973	45
973	160
973	163
973	276
973	286
973	339
973	422
973	674
973	688
973	699
973	712
973	732
973	828
973	841
973	925
973	944
973	975
973	976
973	999
974	296
974	304
974	334
974	336
974	377
974	380
974	406
974	416
974	524
974	567
974	586
974	595
974	798
974	804
974	845
974	916
974	926
974	979
974	983
975	115
975	277
975	292
975	385
975	414
975	447
975	503
975	616
975	622
975	713
975	734
975	778
975	829
975	928
975	956
975	960
975	973
975	989
975	999
976	40
976	128
976	243
976	267
976	288
976	386
976	404
976	546
976	551
976	580
976	674
976	712
976	811
976	874
976	925
976	947
976	954
976	973
976	996
977	11
977	29
977	44
977	75
977	123
977	181
977	248
977	385
977	389
977	403
977	457
977	588
977	804
977	806
977	827
977	939
977	944
977	966
977	991
978	5
978	31
978	156
978	223
978	247
978	406
978	484
978	516
978	563
978	575
978	604
978	633
978	649
978	745
978	777
978	843
978	844
978	951
978	982
979	12
979	67
979	80
979	289
979	293
979	413
979	436
979	513
979	555
979	565
979	580
979	602
979	669
979	754
979	812
979	817
979	873
979	876
979	974
980	219
980	222
980	273
980	321
980	435
980	444
980	478
980	521
980	636
980	679
980	769
980	801
980	822
980	835
980	837
980	893
980	909
980	921
980	967
980	994
981	192
981	228
981	244
981	262
981	323
981	324
981	440
981	501
981	529
981	530
981	588
981	611
981	665
981	721
981	775
981	852
981	906
981	950
981	982
981	995
982	1
982	228
982	246
982	273
982	354
982	501
982	540
982	543
982	588
982	611
982	650
982	705
982	712
982	775
982	794
982	883
982	978
982	981
982	998
982	1000
983	19
983	42
983	65
983	146
983	192
983	237
983	417
983	421
983	476
983	501
983	529
983	543
983	617
983	666
983	708
983	755
983	775
983	852
983	950
983	974
984	14
984	308
984	475
984	477
984	481
984	554
984	602
984	610
984	634
984	639
984	707
984	710
984	772
984	773
984	790
984	811
984	853
984	894
984	960
984	986
985	117
985	139
985	186
985	268
985	285
985	372
985	592
985	644
985	700
985	716
985	718
985	810
985	862
985	863
985	910
985	920
985	939
985	943
985	945
985	972
986	20
986	51
986	125
986	133
986	203
986	582
986	606
986	639
986	667
986	668
986	707
986	772
986	777
986	821
986	853
986	894
986	927
986	941
986	957
986	984
987	7
987	270
987	296
987	319
987	346
987	365
987	380
987	567
987	579
987	586
987	595
987	646
987	647
987	737
987	754
987	798
987	810
987	916
987	944
987	965
988	57
988	166
988	281
988	291
988	350
988	382
988	481
988	491
988	527
988	537
988	561
988	562
988	601
988	850
988	854
988	869
988	934
988	946
988	948
988	962
989	82
989	92
989	140
989	146
989	390
989	439
989	447
989	558
989	571
989	603
989	616
989	622
989	734
989	743
989	778
989	829
989	940
989	956
989	975
989	999
990	141
990	150
990	198
990	209
990	241
990	278
990	402
990	479
990	576
990	603
990	632
990	647
990	680
990	695
990	702
990	764
990	793
990	900
990	931
990	956
991	29
991	100
991	123
991	129
991	285
991	291
991	389
991	457
991	551
991	570
991	781
991	804
991	806
991	811
991	827
991	834
991	904
991	909
991	939
991	977
992	60
992	347
992	438
992	484
992	507
992	516
992	527
992	539
992	563
992	652
992	673
992	689
992	709
992	783
992	844
992	889
992	890
992	925
992	934
992	935
993	49
993	127
993	144
993	239
993	250
993	322
993	325
993	468
993	488
993	498
993	514
993	579
993	629
993	661
993	694
993	723
993	769
993	789
993	818
993	825
994	76
994	162
994	222
994	225
994	273
994	396
994	432
994	444
994	463
994	573
994	636
994	663
994	679
994	801
994	837
994	864
994	935
994	967
994	980
994	1000
995	62
995	78
995	177
995	182
995	274
995	594
995	598
995	608
995	612
995	630
995	654
995	747
995	776
995	814
995	823
995	855
995	860
995	872
995	938
995	981
996	92
996	149
996	165
996	232
996	445
996	487
996	507
996	521
996	556
996	585
996	670
996	687
996	723
996	745
996	746
996	836
996	842
996	875
996	970
996	976
997	21
997	23
997	322
997	378
997	397
997	518
997	593
997	595
997	604
997	610
997	738
997	752
997	756
997	757
997	801
997	840
997	846
997	885
997	889
997	918
998	34
998	130
998	147
998	232
998	254
998	358
998	412
998	434
998	464
998	531
998	542
998	571
998	704
998	724
998	754
998	774
998	785
998	876
998	919
998	982
999	140
999	212
999	276
999	335
999	414
999	439
999	447
999	599
999	616
999	622
999	734
999	778
999	861
999	913
999	933
999	940
999	956
999	973
999	975
999	989
1000	2
1000	76
1000	222
1000	229
1000	273
1000	323
1000	359
1000	424
1000	519
1000	573
1000	636
1000	679
1000	739
1000	769
1000	822
1000	837
1000	905
1000	967
1000	982
1000	994
